# PyFAI 1D azimuthal integration
# Input file: E:/duizhao/ZSZ-Bkg-0.3s-003/ZSZ-Bkg-0.3s-003_saxs/series_1455_data_000001.h5
# Dataset: /entry/data/data
# Timestamp: Sat Apr 25 12:18:53 2026
# Radial	Intensity	Sigma
2.846662e-03	6.099454e-02	2.135820e-01
7.317916e-03	1.528901e-01	1.325656e-01
1.178917e-02	1.798479e-01	1.059553e-01
1.626042e-02	1.855026e-01	9.040122e-02
2.073168e-02	2.111804e-01	7.965598e-02
2.520293e-02	1.815098e-01	7.188502e-02
2.967419e-02	2.563283e-01	6.716459e-02
3.414544e-02	2.608378e-01	6.245348e-02
3.861670e-02	2.531520e-01	5.880605e-02
4.308795e-02	2.406799e-01	5.598844e-02
4.755920e-02	1.917109e-01	5.220064e-02
5.203046e-02	2.247359e-01	5.041799e-02
5.650171e-02	2.264596e-01	4.855418e-02
6.097297e-02	2.075299e-01	4.663747e-02
6.544422e-02	1.697604e-01	4.470415e-02
6.991547e-02	2.337621e-01	4.348278e-02
7.438673e-02	1.085885e+01	1.353924e-01
7.885798e-02	4.176898e+01	2.616840e-01
8.332924e-02	5.476436e+01	2.891067e-01
8.780049e-02	6.308009e+01	3.007955e-01
9.227175e-02	7.011584e+01	3.082569e-01
9.674300e-02	7.705539e+01	3.177155e-01
1.012143e-01	6.921958e+01	2.945074e-01
1.056855e-01	6.110914e+01	2.707243e-01
1.101568e-01	5.568770e+01	2.529963e-01
1.146280e-01	5.040115e+01	2.357138e-01
1.190993e-01	4.539882e+01	2.195071e-01
1.235705e-01	4.239303e+01	2.084188e-01
1.280418e-01	3.916145e+01	1.967486e-01
1.325130e-01	3.603868e+01	1.853910e-01
1.369843e-01	3.416031e+01	1.777418e-01
1.414555e-01	3.199572e+01	1.694393e-01
1.459268e-01	3.001824e+01	1.614491e-01
1.503981e-01	2.852039e+01	1.549226e-01
1.548693e-01	2.701982e+01	1.485714e-01
1.593406e-01	2.546485e+01	1.422618e-01
1.638118e-01	2.443995e+01	1.376710e-01
1.682831e-01	2.333371e+01	1.325869e-01
1.727543e-01	2.247879e+01	1.283286e-01
1.772256e-01	2.153944e+01	1.239584e-01
1.816968e-01	2.082670e+01	1.205070e-01
1.861681e-01	2.013108e+01	1.172183e-01
1.906393e-01	1.932703e+01	1.151039e-01
1.951106e-01	1.912795e+01	1.158547e-01
1.995818e-01	1.851249e+01	1.141406e-01
2.040531e-01	1.805459e+01	1.128902e-01
2.085244e-01	1.771705e+01	1.117113e-01
2.129956e-01	1.721867e+01	1.098068e-01
2.174669e-01	1.687731e+01	1.083743e-01
2.219381e-01	1.648927e+01	1.067483e-01
2.264094e-01	1.611954e+01	1.052331e-01
2.308806e-01	1.596447e+01	1.043695e-01
2.353519e-01	1.559791e+01	1.026266e-01
2.398231e-01	1.514284e+01	1.006470e-01
2.442944e-01	1.505932e+01	9.990922e-02
2.487656e-01	1.503494e+01	9.936793e-02
2.532369e-01	1.462057e+01	9.738188e-02
2.577082e-01	1.441913e+01	9.626334e-02
2.621794e-01	1.445891e+01	9.608468e-02
2.666507e-01	1.416886e+01	9.378772e-02
2.711219e-01	1.391245e+01	9.006105e-02
2.755932e-01	1.389400e+01	8.813582e-02
2.800644e-01	1.383015e+01	8.645806e-02
2.845357e-01	1.377126e+01	8.516385e-02
2.890069e-01	1.332743e+01	8.273359e-02
2.934782e-01	1.336314e+01	8.192741e-02
2.979494e-01	1.329259e+01	8.076876e-02
3.024207e-01	1.304099e+01	7.912479e-02
3.068919e-01	1.293262e+01	7.799818e-02
3.113632e-01	1.281821e+01	7.690955e-02
3.158345e-01	1.278773e+01	7.613904e-02
3.203057e-01	1.277158e+01	7.540748e-02
3.247770e-01	1.267906e+01	7.445029e-02
3.292482e-01	1.261308e+01	7.364711e-02
3.337195e-01	1.233795e+01	7.216248e-02
3.381907e-01	1.245794e+01	7.205501e-02
3.426620e-01	1.222919e+01	7.076246e-02
3.471332e-01	1.220251e+01	7.002139e-02
3.516045e-01	1.232626e+01	6.994633e-02
3.560757e-01	1.209947e+01	6.882596e-02
3.605470e-01	1.207097e+01	6.826930e-02
3.650183e-01	1.191276e+01	6.725986e-02
3.694895e-01	1.196413e+01	6.698281e-02
3.739608e-01	1.178369e+01	6.598826e-02
3.784320e-01	1.179149e+01	6.552909e-02
3.829033e-01	1.171987e+01	6.488631e-02
3.873745e-01	1.174068e+01	6.459057e-02
3.918458e-01	1.165719e+01	6.391323e-02
3.963170e-01	1.161647e+01	6.340563e-02
4.007883e-01	1.143900e+01	6.255230e-02
4.052595e-01	1.141229e+01	6.209574e-02
4.097308e-01	1.154787e+01	6.207765e-02
4.142020e-01	1.133558e+01	6.104710e-02
4.186733e-01	1.122880e+01	6.042902e-02
4.231446e-01	1.132414e+01	6.039718e-02
4.276158e-01	1.126137e+01	5.981245e-02
4.320871e-01	1.137538e+01	5.978958e-02
4.365583e-01	1.125789e+01	5.905761e-02
4.410296e-01	1.130390e+01	5.895922e-02
4.455008e-01	1.121548e+01	5.838483e-02
4.499721e-01	1.113728e+01	5.781458e-02
4.544433e-01	1.112815e+01	5.752153e-02
4.589146e-01	1.121324e+01	5.748185e-02
4.633858e-01	1.106471e+01	5.675634e-02
4.678571e-01	1.100190e+01	5.632477e-02
4.723284e-01	1.096960e+01	5.595711e-02
4.767996e-01	1.094950e+01	5.557791e-02
4.812709e-01	1.099195e+01	5.541196e-02
4.857421e-01	1.095674e+01	5.506627e-02
4.902134e-01	1.090191e+01	5.466225e-02
4.946846e-01	1.090098e+01	5.437736e-02
4.991559e-01	1.092398e+01	5.412572e-02
5.036271e-01	1.092966e+01	5.390266e-02
5.080984e-01	1.091120e+01	5.368149e-02
5.125696e-01	1.084183e+01	5.325406e-02
5.170409e-01	1.085837e+01	5.297416e-02
5.215121e-01	1.089211e+01	5.281633e-02
5.259834e-01	1.072846e+01	5.219758e-02
5.304547e-01	1.084024e+01	5.233072e-02
5.349259e-01	1.076985e+01	5.184270e-02
5.393972e-01	1.084450e+01	5.173155e-02
5.438684e-01	1.074315e+01	5.120698e-02
5.483397e-01	1.079854e+01	5.124861e-02
5.528109e-01	1.070515e+01	5.083713e-02
5.572822e-01	1.074432e+01	5.066577e-02
5.617534e-01	1.065468e+01	5.014885e-02
5.662247e-01	1.064038e+01	4.994735e-02
5.706959e-01	1.069593e+01	4.994002e-02
5.751672e-01	1.067734e+01	4.969619e-02
5.796385e-01	1.072543e+01	4.955334e-02
5.841097e-01	1.070874e+01	4.924305e-02
5.885810e-01	1.067182e+01	4.902879e-02
5.930522e-01	1.061658e+01	4.876235e-02
5.975235e-01	1.063844e+01	4.860885e-02
6.019947e-01	1.064468e+01	4.836987e-02
6.064660e-01	1.056255e+01	4.798006e-02
6.109372e-01	1.059379e+01	4.793958e-02
6.154085e-01	1.065107e+01	4.793378e-02
6.198797e-01	1.063464e+01	4.762736e-02
6.243510e-01	1.056845e+01	4.722289e-02
6.288222e-01	1.061021e+01	4.717321e-02
6.332935e-01	1.052924e+01	4.686715e-02
6.377648e-01	1.047008e+01	4.661778e-02
6.422360e-01	1.062564e+01	4.674912e-02
6.467073e-01	1.060982e+01	4.645926e-02
6.511785e-01	1.054222e+01	4.615686e-02
6.556498e-01	1.056256e+01	4.613133e-02
6.601210e-01	1.047388e+01	4.579032e-02
6.645923e-01	1.049985e+01	4.565397e-02
6.690635e-01	1.057941e+01	4.560260e-02
6.735348e-01	1.053076e+01	4.533138e-02
6.780060e-01	1.060772e+01	4.546349e-02
6.824773e-01	1.055821e+01	4.516802e-02
6.869486e-01	1.051667e+01	4.482827e-02
6.914198e-01	1.055392e+01	4.477593e-02
6.958911e-01	1.056779e+01	4.471353e-02
7.003623e-01	1.054528e+01	4.453858e-02
7.048336e-01	1.049280e+01	4.424387e-02
7.093048e-01	1.053372e+01	4.413740e-02
7.137761e-01	1.059949e+01	4.412202e-02
7.182473e-01	1.057762e+01	4.400735e-02
7.227186e-01	1.056706e+01	4.387575e-02
7.271898e-01	1.055525e+01	4.361949e-02
7.316611e-01	1.046550e+01	4.322359e-02
7.361324e-01	1.045512e+01	4.310937e-02
7.406036e-01	1.049873e+01	4.316366e-02
7.450749e-01	1.052172e+01	4.309006e-02
7.495461e-01	1.046191e+01	4.273315e-02
7.540174e-01	1.045988e+01	4.259291e-02
7.584886e-01	1.041619e+01	4.242597e-02
7.629599e-01	1.045369e+01	4.245319e-02
7.674311e-01	1.042269e+01	4.222047e-02
7.719024e-01	1.045730e+01	4.210408e-02
7.763736e-01	1.051171e+01	4.208177e-02
7.808449e-01	1.055070e+01	4.207665e-02
7.853161e-01	1.045489e+01	4.177813e-02
7.897874e-01	1.040234e+01	4.150700e-02
7.942587e-01	1.052624e+01	4.160016e-02
7.987299e-01	1.043985e+01	4.130419e-02
8.032012e-01	1.050506e+01	4.138579e-02
8.076724e-01	1.042977e+01	4.109836e-02
8.121437e-01	1.040316e+01	4.089312e-02
8.166149e-01	1.043738e+01	4.082668e-02
8.210862e-01	1.043305e+01	4.071053e-02
8.255574e-01	1.044451e+01	4.065773e-02
8.300287e-01	1.039927e+01	4.045165e-02
8.344999e-01	1.050929e+01	4.055650e-02
8.389712e-01	1.039112e+01	4.017823e-02
8.434425e-01	1.038478e+01	4.007423e-02
8.479137e-01	1.036352e+01	4.037574e-02
8.523850e-01	1.038199e+01	4.073154e-02
8.568562e-01	1.027785e+01	4.063284e-02
8.613275e-01	1.039627e+01	4.098346e-02
8.657987e-01	1.039320e+01	4.102505e-02
8.702700e-01	1.037296e+01	4.106240e-02
8.747412e-01	1.031114e+01	4.096983e-02
8.792125e-01	1.044160e+01	4.129644e-02
8.836837e-01	1.037206e+01	4.115115e-02
8.881550e-01	1.039750e+01	4.121082e-02
8.926262e-01	1.038845e+01	4.118240e-02
8.970975e-01	1.048126e+01	4.140176e-02
9.015688e-01	1.043607e+01	4.131954e-02
9.060400e-01	1.036427e+01	4.114795e-02
9.105113e-01	1.035324e+01	4.108843e-02
9.149825e-01	1.043434e+01	4.126305e-02
9.194538e-01	1.042112e+01	4.124449e-02
9.239250e-01	1.035714e+01	4.068941e-02
9.283963e-01	1.032391e+01	4.013180e-02
9.328675e-01	1.035970e+01	3.991218e-02
9.373388e-01	1.038010e+01	3.973430e-02
9.418100e-01	1.033176e+01	3.947032e-02
9.462813e-01	1.018504e+01	3.918388e-02
9.507526e-01	1.030114e+01	3.973829e-02
9.552238e-01	1.032591e+01	3.991011e-02
9.596951e-01	1.031376e+01	3.997246e-02
9.641663e-01	1.034405e+01	4.006632e-02
9.686376e-01	1.031543e+01	3.997274e-02
9.731088e-01	1.033458e+01	3.994576e-02
9.775801e-01	1.033039e+01	3.986316e-02
9.820513e-01	1.035542e+01	3.984492e-02
9.865226e-01	1.030304e+01	3.965974e-02
9.909938e-01	1.027904e+01	3.961091e-02
9.954651e-01	1.022684e+01	3.948656e-02
9.999363e-01	1.030627e+01	3.965598e-02
1.004408e+00	1.022771e+01	3.948866e-02
1.008879e+00	1.018684e+01	3.939869e-02
1.013350e+00	1.021473e+01	3.940846e-02
1.017821e+00	1.020521e+01	3.934214e-02
1.022293e+00	1.026897e+01	3.950038e-02
1.026764e+00	1.021774e+01	3.937053e-02
1.031235e+00	1.019159e+01	3.928253e-02
1.035706e+00	1.018240e+01	3.922084e-02
1.040178e+00	1.023240e+01	3.926505e-02
1.044649e+00	1.024301e+01	3.925621e-02
1.049120e+00	1.015898e+01	3.906322e-02
1.053591e+00	1.011265e+01	3.897225e-02
1.058063e+00	1.008342e+01	3.886906e-02
1.062534e+00	1.003153e+01	3.873121e-02
1.067005e+00	9.996190e+00	3.864409e-02
1.071476e+00	1.001779e+01	3.866583e-02
1.075948e+00	1.000319e+01	3.860015e-02
1.080419e+00	9.966423e+00	3.846399e-02
1.084890e+00	9.993674e+00	3.849049e-02
1.089361e+00	9.942364e+00	3.835072e-02
1.093833e+00	9.986484e+00	3.844723e-02
1.098304e+00	9.978059e+00	3.837584e-02
1.102775e+00	9.901814e+00	3.814841e-02
1.107246e+00	9.867842e+00	3.806365e-02
1.111718e+00	9.830356e+00	3.795703e-02
1.116189e+00	9.918926e+00	3.813080e-02
1.120660e+00	9.805200e+00	3.783517e-02
1.125131e+00	9.821400e+00	3.781078e-02
1.129603e+00	9.734276e+00	3.760802e-02
1.134074e+00	9.734345e+00	3.811169e-02
1.138545e+00	9.695965e+00	3.839258e-02
1.143016e+00	9.719123e+00	3.864737e-02
1.147488e+00	9.736735e+00	3.883310e-02
1.151959e+00	9.624911e+00	3.865021e-02
1.156430e+00	9.634889e+00	3.849655e-02
1.160901e+00	9.649744e+00	3.805439e-02
1.165373e+00	9.662330e+00	3.781364e-02
1.169844e+00	9.619303e+00	3.758983e-02
1.174315e+00	9.631001e+00	3.764612e-02
1.178787e+00	9.566281e+00	3.751208e-02
1.183258e+00	9.562074e+00	3.749973e-02
1.187729e+00	9.473589e+00	3.723857e-02
1.192200e+00	9.527032e+00	3.729230e-02
1.196672e+00	9.480942e+00	3.715643e-02
1.201143e+00	9.466311e+00	3.706790e-02
1.205614e+00	9.428959e+00	3.689077e-02
1.210085e+00	9.490029e+00	3.695934e-02
1.214557e+00	9.402565e+00	3.673538e-02
1.219028e+00	9.382248e+00	3.665795e-02
1.223499e+00	9.399948e+00	3.665841e-02
1.227970e+00	9.360509e+00	3.650114e-02
1.232442e+00	9.365899e+00	3.643204e-02
1.236913e+00	9.365521e+00	3.641415e-02
1.241384e+00	9.257358e+00	3.615891e-02
1.245855e+00	9.251481e+00	3.610762e-02
1.250327e+00	9.261097e+00	3.607785e-02
1.254798e+00	9.187304e+00	3.586266e-02
1.259269e+00	9.152476e+00	3.576440e-02
1.263740e+00	9.146641e+00	3.573592e-02
1.268212e+00	9.155448e+00	3.568067e-02
1.272683e+00	9.133600e+00	3.551450e-02
1.277154e+00	9.247480e+00	3.569511e-02
1.281625e+00	9.176598e+00	3.547953e-02
1.286097e+00	9.148052e+00	3.537240e-02
1.290568e+00	9.102254e+00	3.521048e-02
1.295039e+00	9.081827e+00	3.507445e-02
1.299510e+00	9.102895e+00	3.508607e-02
1.303982e+00	8.998194e+00	3.492163e-02
1.308453e+00	9.031969e+00	3.537500e-02
1.312924e+00	9.141040e+00	3.581770e-02
1.317395e+00	9.123731e+00	3.595896e-02
1.321867e+00	9.054249e+00	3.597785e-02
1.326338e+00	9.175909e+00	3.641166e-02
1.330809e+00	9.109171e+00	3.636572e-02
1.335280e+00	9.090621e+00	3.641610e-02
1.339752e+00	9.090939e+00	3.652304e-02
1.344223e+00	9.112673e+00	3.668205e-02
1.348694e+00	9.043300e+00	3.659898e-02
1.353165e+00	9.117948e+00	3.682017e-02
1.357637e+00	9.082789e+00	3.678691e-02
1.362108e+00	9.122652e+00	3.696802e-02
1.366579e+00	9.128454e+00	3.707714e-02
1.371050e+00	9.011721e+00	3.689535e-02
1.375522e+00	9.062651e+00	3.704564e-02
1.379993e+00	9.112353e+00	3.719451e-02
1.384464e+00	9.032325e+00	3.707739e-02
1.388935e+00	9.044658e+00	3.718575e-02
1.393407e+00	9.053114e+00	3.724323e-02
1.397878e+00	9.096343e+00	3.734528e-02
1.402349e+00	9.022043e+00	3.723803e-02
1.406820e+00	9.018624e+00	3.729131e-02
1.411292e+00	9.100778e+00	3.751566e-02
1.415763e+00	9.042126e+00	3.741468e-02
1.420234e+00	9.071175e+00	3.750626e-02
1.424705e+00	8.990739e+00	3.738139e-02
1.429177e+00	9.014761e+00	3.743778e-02
1.433648e+00	9.045619e+00	3.747089e-02
1.438119e+00	9.013106e+00	3.741775e-02
1.442591e+00	9.033309e+00	3.752580e-02
1.447062e+00	8.979785e+00	3.743357e-02
1.451533e+00	9.019827e+00	3.752073e-02
1.456004e+00	9.035224e+00	3.760000e-02
1.460476e+00	8.992815e+00	3.755761e-02
1.464947e+00	8.998451e+00	3.761586e-02
1.469418e+00	8.963198e+00	3.760496e-02
1.473889e+00	8.976633e+00	3.767908e-02
1.478361e+00	9.018828e+00	3.787571e-02
1.482832e+00	8.904628e+00	3.770190e-02
1.487303e+00	8.928384e+00	3.778123e-02
1.491774e+00	8.918684e+00	3.777327e-02
1.496246e+00	8.930980e+00	3.779292e-02
1.500717e+00	8.987369e+00	3.795643e-02
1.505188e+00	8.948779e+00	3.792236e-02
1.509659e+00	8.971120e+00	3.799609e-02
1.514131e+00	8.934582e+00	3.791444e-02
1.518602e+00	8.886935e+00	3.783842e-02
1.523073e+00	8.897664e+00	3.792688e-02
1.527544e+00	8.874560e+00	3.789068e-02
1.532016e+00	8.919361e+00	3.796956e-02
1.536487e+00	8.969685e+00	3.807532e-02
1.540958e+00	8.917005e+00	3.799575e-02
1.545429e+00	8.883898e+00	3.799037e-02
1.549901e+00	8.915912e+00	3.810123e-02
1.554372e+00	8.846224e+00	3.791624e-02
1.558843e+00	8.989700e+00	3.823583e-02
1.563314e+00	8.959138e+00	3.820615e-02
1.567786e+00	8.940378e+00	3.826191e-02
1.572257e+00	8.933878e+00	3.826182e-02
1.576728e+00	8.902673e+00	3.814187e-02
1.581199e+00	8.960957e+00	3.828971e-02
1.585671e+00	8.883048e+00	3.816998e-02
1.590142e+00	8.899459e+00	3.825666e-02
1.594613e+00	8.934536e+00	3.830295e-02
1.599084e+00	8.946715e+00	3.832687e-02
1.603556e+00	8.890402e+00	3.820945e-02
1.608027e+00	8.909910e+00	3.833503e-02
1.612498e+00	8.889475e+00	3.830240e-02
1.616969e+00	8.894421e+00	3.828232e-02
1.621441e+00	8.834334e+00	3.810841e-02
1.625912e+00	8.853308e+00	3.818841e-02
1.630383e+00	8.856969e+00	3.821466e-02
1.634854e+00	8.866614e+00	3.818046e-02
1.639326e+00	8.872184e+00	3.813089e-02
1.643797e+00	8.833185e+00	3.801902e-02
1.648268e+00	8.839170e+00	3.805195e-02
1.652739e+00	8.836573e+00	3.806792e-02
1.657211e+00	8.850239e+00	3.805489e-02
1.661682e+00	8.876099e+00	3.807490e-02
1.666153e+00	8.755082e+00	3.778161e-02
1.670624e+00	8.783253e+00	3.785694e-02
1.675096e+00	8.718946e+00	3.766420e-02
1.679567e+00	8.832759e+00	3.788391e-02
1.684038e+00	8.755910e+00	3.767961e-02
1.688509e+00	8.720674e+00	3.763299e-02
1.692981e+00	8.694322e+00	3.754436e-02
1.697452e+00	8.725553e+00	3.758199e-02
1.701923e+00	8.741279e+00	3.761496e-02
1.706395e+00	8.703801e+00	3.748553e-02
1.710866e+00	8.730188e+00	3.753450e-02
1.715337e+00	8.739559e+00	3.753871e-02
1.719808e+00	8.717117e+00	3.745500e-02
1.724280e+00	8.690878e+00	3.739174e-02
1.728751e+00	8.665931e+00	3.727941e-02
1.733222e+00	8.707450e+00	3.729323e-02
1.737693e+00	8.666698e+00	3.714536e-02
1.742165e+00	8.603819e+00	3.700197e-02
1.746636e+00	8.647491e+00	3.709673e-02
1.751107e+00	8.648315e+00	3.705957e-02
1.755578e+00	8.592921e+00	3.689018e-02
1.760050e+00	8.592012e+00	3.687584e-02
1.764521e+00	8.628387e+00	3.695649e-02
1.768992e+00	8.603116e+00	3.689391e-02
1.773463e+00	8.628562e+00	3.693473e-02
1.777935e+00	8.590155e+00	3.675301e-02
1.782406e+00	8.651706e+00	3.688964e-02
1.786877e+00	8.650292e+00	3.693376e-02
1.791348e+00	8.589508e+00	3.676971e-02
1.795820e+00	8.549705e+00	3.660002e-02
1.800291e+00	8.591065e+00	3.664656e-02
1.804762e+00	8.596775e+00	3.667077e-02
1.809233e+00	8.547981e+00	3.657961e-02
1.813705e+00	8.521170e+00	3.650961e-02
1.818176e+00	8.532994e+00	3.647967e-02
1.822647e+00	8.610165e+00	3.662247e-02
1.827118e+00	8.534822e+00	3.644682e-02
1.831590e+00	8.561085e+00	3.651593e-02
1.836061e+00	8.611099e+00	3.659550e-02
1.840532e+00	8.528193e+00	3.634912e-02
1.845003e+00	8.536078e+00	3.637879e-02
1.849475e+00	8.464544e+00	3.623585e-02
1.853946e+00	8.428655e+00	3.615096e-02
1.858417e+00	8.463078e+00	3.615577e-02
1.862888e+00	8.460979e+00	3.607477e-02
1.867360e+00	8.403419e+00	3.593507e-02
1.871831e+00	8.493938e+00	3.620035e-02
1.876302e+00	8.464354e+00	3.611097e-02
1.880773e+00	8.409487e+00	3.592270e-02
1.885245e+00	8.490954e+00	3.609050e-02
1.889716e+00	8.434586e+00	3.591692e-02
1.894187e+00	8.508759e+00	3.611135e-02
1.898658e+00	8.420235e+00	3.586314e-02
1.903130e+00	8.429898e+00	3.582830e-02
1.907601e+00	8.399537e+00	3.575650e-02
1.912072e+00	8.407368e+00	3.578349e-02
1.916543e+00	8.419259e+00	3.580934e-02
1.921015e+00	8.422015e+00	3.578168e-02
1.925486e+00	8.419826e+00	3.572023e-02
1.929957e+00	8.445861e+00	3.576660e-02
1.934428e+00	8.388580e+00	3.562497e-02
1.938900e+00	8.462324e+00	3.579417e-02
1.943371e+00	8.344809e+00	3.546780e-02
1.947842e+00	8.387665e+00	3.555911e-02
1.952313e+00	8.351768e+00	3.549670e-02
1.956785e+00	8.415374e+00	3.625079e-02
1.961256e+00	8.373334e+00	3.663887e-02
1.965727e+00	8.356598e+00	3.695131e-02
1.970199e+00	8.356699e+00	3.719730e-02
1.974670e+00	8.360825e+00	3.744024e-02
1.979141e+00	8.285664e+00	3.749565e-02
1.983612e+00	8.295741e+00	3.774264e-02
1.988084e+00	8.312917e+00	3.796289e-02
1.992555e+00	8.312369e+00	3.811408e-02
1.997026e+00	8.304974e+00	3.823649e-02
2.001497e+00	8.337348e+00	3.844456e-02
2.005969e+00	8.327672e+00	3.863914e-02
2.010440e+00	8.220920e+00	3.855557e-02
2.014911e+00	8.194737e+00	3.858420e-02
2.019382e+00	8.177210e+00	3.866335e-02
2.023854e+00	8.174374e+00	3.880744e-02
2.028325e+00	8.168848e+00	3.896476e-02
2.032796e+00	8.242121e+00	3.853095e-02
2.037267e+00	8.277917e+00	3.804186e-02
2.041739e+00	8.180898e+00	3.746846e-02
2.046210e+00	8.232228e+00	3.734403e-02
2.050681e+00	8.290849e+00	3.738150e-02
2.055152e+00	8.221343e+00	3.709383e-02
2.059624e+00	8.220603e+00	3.690052e-02
2.064095e+00	8.257642e+00	3.685343e-02
2.068566e+00	8.230020e+00	3.669382e-02
2.073037e+00	8.164115e+00	3.650477e-02
2.077509e+00	8.234666e+00	3.661051e-02
2.081980e+00	8.222516e+00	3.645391e-02
2.086451e+00	8.114961e+00	3.612833e-02
2.090922e+00	8.162969e+00	3.619871e-02
2.095394e+00	8.174174e+00	3.618363e-02
2.099865e+00	8.151649e+00	3.605579e-02
2.104336e+00	8.218260e+00	3.611523e-02
2.108807e+00	8.191576e+00	3.600293e-02
2.113279e+00	8.223975e+00	3.604609e-02
2.117750e+00	8.186718e+00	3.589217e-02
2.122221e+00	8.183592e+00	3.582308e-02
2.126692e+00	8.144191e+00	3.567673e-02
2.131164e+00	8.166062e+00	3.569332e-02
2.135635e+00	8.175994e+00	3.566259e-02
2.140106e+00	8.124822e+00	3.551303e-02
2.144577e+00	8.189372e+00	3.564028e-02
2.149049e+00	8.144723e+00	3.548813e-02
2.153520e+00	8.100754e+00	3.535642e-02
2.157991e+00	8.093242e+00	3.527186e-02
2.162462e+00	8.106120e+00	3.526312e-02
2.166934e+00	8.161472e+00	3.533398e-02
2.171405e+00	8.154086e+00	3.523361e-02
2.175876e+00	8.106395e+00	3.504862e-02
2.180347e+00	8.114160e+00	3.497666e-02
2.184819e+00	8.066114e+00	3.480131e-02
2.189290e+00	8.085581e+00	3.482260e-02
2.193761e+00	8.118476e+00	3.481738e-02
2.198232e+00	8.052139e+00	3.455126e-02
2.202704e+00	8.098648e+00	3.460262e-02
2.207175e+00	8.051023e+00	3.445383e-02
2.211646e+00	8.070779e+00	3.446450e-02
2.216117e+00	8.079142e+00	3.439279e-02
2.220589e+00	8.102491e+00	3.435875e-02
2.225060e+00	8.048655e+00	3.416111e-02
2.229531e+00	7.999970e+00	3.403268e-02
2.234003e+00	8.036431e+00	3.410104e-02
2.238474e+00	8.099307e+00	3.416884e-02
2.242945e+00	8.132537e+00	3.418584e-02
2.247416e+00	8.035963e+00	3.395598e-02
2.251888e+00	7.984542e+00	3.388736e-02
2.256359e+00	8.052572e+00	3.403134e-02
2.260830e+00	8.073980e+00	3.399836e-02
2.265301e+00	8.073057e+00	3.394547e-02
2.269773e+00	8.014002e+00	3.380769e-02
2.274244e+00	8.029931e+00	3.383874e-02
2.278715e+00	7.992429e+00	3.365458e-02
2.283186e+00	8.065694e+00	3.376989e-02
2.287658e+00	8.024161e+00	3.365242e-02
2.292129e+00	8.012946e+00	3.362813e-02
2.296600e+00	8.028692e+00	3.366573e-02
2.301071e+00	8.000610e+00	3.357264e-02
2.305543e+00	8.010282e+00	3.356927e-02
2.310014e+00	7.977693e+00	3.347101e-02
2.314485e+00	7.914392e+00	3.332713e-02
2.318956e+00	7.974428e+00	3.345359e-02
2.323428e+00	7.969360e+00	3.338277e-02
2.327899e+00	7.946373e+00	3.332129e-02
2.332370e+00	7.915299e+00	3.324128e-02
2.336841e+00	7.936742e+00	3.327303e-02
2.341313e+00	7.961176e+00	3.334809e-02
2.345784e+00	7.929779e+00	3.327762e-02
2.350255e+00	7.912004e+00	3.321036e-02
2.354726e+00	7.913126e+00	3.320198e-02
2.359198e+00	7.889289e+00	3.311018e-02
2.363669e+00	7.884416e+00	3.306966e-02
2.368140e+00	7.916337e+00	3.317050e-02
2.372611e+00	7.852244e+00	3.301714e-02
2.377083e+00	7.914903e+00	3.309568e-02
2.381554e+00	7.964347e+00	3.316086e-02
2.386025e+00	7.898496e+00	3.301056e-02
2.390496e+00	7.860175e+00	3.292949e-02
2.394968e+00	7.876046e+00	3.291669e-02
2.399439e+00	7.871672e+00	3.285360e-02
2.403910e+00	7.818551e+00	3.274707e-02
2.408381e+00	7.884857e+00	3.293661e-02
2.412853e+00	7.845026e+00	3.281226e-02
2.417324e+00	7.888078e+00	3.285679e-02
2.421795e+00	7.910595e+00	3.287809e-02
2.426266e+00	7.837007e+00	3.270472e-02
2.430738e+00	7.848200e+00	3.275380e-02
2.435209e+00	7.820652e+00	3.265566e-02
2.439680e+00	7.820790e+00	3.259565e-02
2.444151e+00	7.824063e+00	3.258186e-02
2.448623e+00	7.794533e+00	3.251116e-02
2.453094e+00	7.854978e+00	3.266749e-02
2.457565e+00	7.813738e+00	3.254032e-02
2.462036e+00	7.797385e+00	3.245959e-02
2.466508e+00	7.770443e+00	3.238616e-02
2.470979e+00	7.840218e+00	3.254572e-02
2.475450e+00	7.798491e+00	3.243180e-02
2.479921e+00	7.830156e+00	3.247565e-02
2.484393e+00	7.827498e+00	3.242159e-02
2.488864e+00	7.778564e+00	3.228821e-02
2.493335e+00	7.835986e+00	3.243254e-02
2.497807e+00	7.786941e+00	3.230134e-02
2.502278e+00	7.752057e+00	3.218767e-02
2.506749e+00	7.719026e+00	3.210278e-02
2.511220e+00	7.776928e+00	3.220810e-02
2.515692e+00	7.752316e+00	3.213665e-02
2.520163e+00	7.786206e+00	3.222753e-02
2.524634e+00	7.701805e+00	3.201884e-02
2.529105e+00	7.749988e+00	3.210127e-02
2.533577e+00	7.743993e+00	3.203744e-02
2.538048e+00	7.673550e+00	3.186159e-02
2.542519e+00	7.693884e+00	3.192148e-02
2.546990e+00	7.779421e+00	3.211589e-02
2.551462e+00	7.668710e+00	3.180738e-02
2.555933e+00	7.737129e+00	3.192642e-02
2.560404e+00	7.706459e+00	3.184050e-02
2.564875e+00	7.664870e+00	3.176832e-02
2.569347e+00	7.724087e+00	3.190119e-02
2.573818e+00	7.691967e+00	3.176309e-02
2.578289e+00	7.641351e+00	3.160156e-02
2.582760e+00	7.649970e+00	3.165640e-02
2.587232e+00	7.641716e+00	3.165273e-02
2.591703e+00	7.644902e+00	3.161560e-02
2.596174e+00	7.627830e+00	3.153317e-02
2.600645e+00	7.678477e+00	3.161919e-02
2.605117e+00	7.636241e+00	3.153058e-02
2.609588e+00	7.617912e+00	3.150808e-02
2.614059e+00	7.579771e+00	3.139640e-02
2.618530e+00	7.614913e+00	3.141128e-02
2.623002e+00	7.663212e+00	3.151168e-02
2.627473e+00	7.590636e+00	3.136180e-02
2.631944e+00	7.612739e+00	3.138271e-02
2.636415e+00	7.625517e+00	3.137806e-02
2.640887e+00	7.688758e+00	3.151956e-02
2.645358e+00	7.585736e+00	3.129643e-02
2.649829e+00	7.584954e+00	3.126987e-02
2.654300e+00	7.617545e+00	3.131743e-02
2.658772e+00	7.550875e+00	3.114275e-02
2.663243e+00	7.605626e+00	3.125302e-02
2.667714e+00	7.579148e+00	3.117961e-02
2.672185e+00	7.569739e+00	3.112300e-02
2.676657e+00	7.564770e+00	3.108987e-02
2.681128e+00	7.538122e+00	3.106323e-02
2.685599e+00	7.555707e+00	3.109717e-02
2.690070e+00	7.623903e+00	3.119414e-02
2.694542e+00	7.537426e+00	3.094601e-02
2.699013e+00	7.553239e+00	3.099101e-02
2.703484e+00	7.528244e+00	3.094032e-02
2.707955e+00	7.499073e+00	3.086414e-02
2.712427e+00	7.547793e+00	3.092792e-02
2.716898e+00	7.577422e+00	3.095911e-02
2.721369e+00	7.520938e+00	3.085769e-02
2.725840e+00	7.463889e+00	3.072634e-02
2.730312e+00	7.478901e+00	3.071221e-02
2.734783e+00	7.514657e+00	3.073754e-02
2.739254e+00	7.518066e+00	3.074254e-02
2.743725e+00	7.465942e+00	3.066453e-02
2.748197e+00	7.448484e+00	3.061900e-02
2.752668e+00	7.496999e+00	3.067199e-02
2.757139e+00	7.502230e+00	3.065288e-02
2.761611e+00	7.511784e+00	3.068599e-02
2.766082e+00	7.471246e+00	3.059609e-02
2.770553e+00	7.415632e+00	3.044561e-02
2.775024e+00	7.445057e+00	3.049101e-02
2.779496e+00	7.467582e+00	3.053112e-02
2.783967e+00	7.418822e+00	3.042474e-02
2.788438e+00	7.431021e+00	3.042192e-02
2.792909e+00	7.419216e+00	3.036693e-02
2.797381e+00	7.421189e+00	3.037622e-02
2.801852e+00	7.411460e+00	3.032978e-02
2.806323e+00	7.395154e+00	3.028435e-02
2.810794e+00	7.400269e+00	3.027151e-02
2.815266e+00	7.416583e+00	3.027394e-02
2.819737e+00	7.380029e+00	3.017565e-02
2.824208e+00	7.432861e+00	3.029347e-02
2.828679e+00	7.407920e+00	3.022894e-02
2.833151e+00	7.306991e+00	2.997405e-02
2.837622e+00	7.403466e+00	3.019663e-02
2.842093e+00	7.412570e+00	3.019405e-02
2.846564e+00	7.365419e+00	3.002873e-02
2.851036e+00	7.351954e+00	2.998018e-02
2.855507e+00	7.361494e+00	3.002632e-02
2.859978e+00	7.372080e+00	3.004846e-02
2.864449e+00	7.392644e+00	3.005896e-02
2.868921e+00	7.354403e+00	2.993263e-02
2.873392e+00	7.345442e+00	2.990865e-02
2.877863e+00	7.362264e+00	2.996365e-02
2.882334e+00	7.395892e+00	3.002868e-02
2.886806e+00	7.354633e+00	2.990071e-02
2.891277e+00	7.295070e+00	2.973612e-02
2.895748e+00	7.331386e+00	2.982405e-02
2.900219e+00	7.336502e+00	2.985038e-02
2.904691e+00	7.296947e+00	2.973550e-02
2.909162e+00	7.275055e+00	2.963498e-02
2.913633e+00	7.333814e+00	2.975511e-02
2.918104e+00	7.318734e+00	2.971447e-02
2.922576e+00	7.324924e+00	2.970734e-02
2.927047e+00	7.328619e+00	2.970329e-02
2.931518e+00	7.248156e+00	2.950956e-02
2.935989e+00	7.236659e+00	2.948124e-02
2.940461e+00	7.293814e+00	2.958371e-02
2.944932e+00	7.288883e+00	2.957063e-02
2.949403e+00	7.275281e+00	2.952922e-02
2.953874e+00	7.340404e+00	2.965615e-02
2.958346e+00	7.285882e+00	2.950477e-02
2.962817e+00	7.323640e+00	2.955304e-02
2.967288e+00	7.283877e+00	2.944862e-02
2.971759e+00	7.317632e+00	2.956494e-02
2.976231e+00	7.241397e+00	2.940420e-02
2.980702e+00	7.229804e+00	2.931844e-02
2.985173e+00	7.246718e+00	2.931660e-02
2.989644e+00	7.254315e+00	2.934605e-02
2.994116e+00	7.234139e+00	2.929754e-02
2.998587e+00	7.210145e+00	2.922638e-02
3.003058e+00	7.200180e+00	2.919259e-02
3.007529e+00	7.196463e+00	2.915254e-02
3.012001e+00	7.204369e+00	2.917796e-02
3.016472e+00	7.170231e+00	2.911194e-02
3.020943e+00	7.193553e+00	2.910741e-02
3.025415e+00	7.233590e+00	2.914411e-02
3.029886e+00	7.244630e+00	2.919009e-02
3.034357e+00	7.155200e+00	2.899389e-02
3.038828e+00	7.190125e+00	2.906298e-02
3.043300e+00	7.162210e+00	2.897753e-02
3.047771e+00	7.153631e+00	2.894717e-02
3.052242e+00	7.168104e+00	2.896749e-02
3.056713e+00	7.151623e+00	2.896506e-02
3.061185e+00	7.118978e+00	2.942039e-02
3.065656e+00	7.059208e+00	2.964138e-02
3.070127e+00	7.170842e+00	3.014223e-02
3.074598e+00	7.050986e+00	3.004516e-02
3.079070e+00	7.098848e+00	3.037548e-02
3.083541e+00	7.054060e+00	3.046644e-02
3.088012e+00	7.023811e+00	3.054296e-02
3.092483e+00	6.952994e+00	3.049917e-02
3.096955e+00	6.991641e+00	3.072605e-02
3.101426e+00	6.955424e+00	3.077183e-02
3.105897e+00	7.018823e+00	3.106324e-02
3.110368e+00	7.012692e+00	3.115972e-02
3.114840e+00	6.907117e+00	3.101197e-02
3.119311e+00	6.975394e+00	3.129470e-02
3.123782e+00	6.875760e+00	3.116867e-02
3.128253e+00	6.902380e+00	3.137049e-02
3.132725e+00	6.906479e+00	3.145459e-02
3.137196e+00	6.938391e+00	3.163404e-02
3.141667e+00	6.921947e+00	3.168232e-02
3.146138e+00	6.846087e+00	3.158510e-02
3.150610e+00	6.838948e+00	3.168545e-02
3.155081e+00	6.852766e+00	3.181088e-02
3.159552e+00	6.855203e+00	3.191002e-02
3.164023e+00	6.798146e+00	3.184221e-02
3.168495e+00	6.774981e+00	3.186329e-02
3.172966e+00	6.768798e+00	3.197185e-02
3.177437e+00	6.764603e+00	3.206277e-02
3.181908e+00	6.714019e+00	3.197787e-02
3.186380e+00	6.683364e+00	3.194481e-02
3.190851e+00	6.758259e+00	3.222454e-02
3.195322e+00	6.763833e+00	3.228758e-02
3.199793e+00	6.715451e+00	3.218592e-02
3.204265e+00	6.734585e+00	3.227580e-02
3.208736e+00	6.747732e+00	3.232783e-02
3.213207e+00	6.686683e+00	3.219206e-02
3.217678e+00	6.676486e+00	3.220247e-02
3.222150e+00	6.683553e+00	3.224777e-02
3.226621e+00	6.726466e+00	3.237932e-02
3.231092e+00	6.663650e+00	3.219701e-02
3.235563e+00	6.661347e+00	3.220864e-02
3.240035e+00	6.633646e+00	3.217860e-02
3.244506e+00	6.696139e+00	3.274503e-02
3.248977e+00	6.733670e+00	3.370208e-02
3.253448e+00	6.671451e+00	3.382771e-02
3.257920e+00	6.734114e+00	3.434262e-02
3.262391e+00	6.779323e+00	3.485354e-02
3.266862e+00	6.809393e+00	3.530187e-02
3.271333e+00	6.818551e+00	3.564095e-02
3.275805e+00	6.816756e+00	3.590969e-02
3.280276e+00	6.823771e+00	3.619910e-02
3.284747e+00	6.832700e+00	3.647657e-02
3.289218e+00	6.849244e+00	3.679669e-02
3.293690e+00	6.856410e+00	3.709010e-02
3.298161e+00	6.907760e+00	3.752080e-02
3.302632e+00	6.893640e+00	3.774250e-02
3.307104e+00	6.972718e+00	3.822509e-02
3.311575e+00	6.939658e+00	3.836089e-02
3.316046e+00	6.905410e+00	3.854634e-02
3.320517e+00	6.967461e+00	3.904074e-02
3.324989e+00	6.964809e+00	3.924781e-02
3.329460e+00	6.977425e+00	3.953146e-02
3.333931e+00	7.014288e+00	3.989231e-02
3.338402e+00	7.047438e+00	4.023424e-02
3.342874e+00	7.035822e+00	4.045936e-02
3.347345e+00	7.036562e+00	4.074340e-02
3.351816e+00	7.058885e+00	4.107451e-02
3.356287e+00	7.085991e+00	4.138328e-02
3.360759e+00	7.090642e+00	4.154422e-02
3.365230e+00	7.090767e+00	4.167730e-02
3.369701e+00	7.076431e+00	4.173585e-02
3.374172e+00	7.036129e+00	4.176531e-02
3.378644e+00	7.076812e+00	4.209225e-02
3.383115e+00	7.096267e+00	4.240918e-02
3.387586e+00	7.066375e+00	4.257298e-02
3.392057e+00	7.090940e+00	4.288797e-02
3.396529e+00	7.089481e+00	4.316038e-02
3.401000e+00	7.126228e+00	4.352647e-02
3.405471e+00	7.155972e+00	4.386896e-02
3.409942e+00	7.214817e+00	4.434788e-02
3.414414e+00	7.207512e+00	4.456618e-02
3.418885e+00	7.195971e+00	4.474770e-02
3.423356e+00	7.273484e+00	4.528491e-02
3.427827e+00	7.098698e+00	4.494689e-02
3.432299e+00	7.224278e+00	4.571719e-02
3.436770e+00	7.259621e+00	4.610323e-02
3.441241e+00	7.284492e+00	4.645885e-02
3.445712e+00	7.202326e+00	4.643921e-02
3.450184e+00	7.279052e+00	4.700404e-02
3.454655e+00	7.296839e+00	4.730541e-02
3.459126e+00	7.390994e+00	4.793910e-02
3.463597e+00	7.269945e+00	4.779159e-02
3.468069e+00	7.287554e+00	4.816994e-02
3.472540e+00	7.328582e+00	4.858694e-02
3.477011e+00	7.310425e+00	4.881831e-02
3.481482e+00	7.320387e+00	4.915247e-02
3.485954e+00	7.421791e+00	4.980388e-02
3.490425e+00	7.425001e+00	5.009088e-02
3.494896e+00	7.481071e+00	5.061565e-02
3.499367e+00	7.432264e+00	5.059382e-02
3.503839e+00	7.484910e+00	5.100533e-02
3.508310e+00	7.400481e+00	5.087947e-02
3.512781e+00	7.363513e+00	5.089953e-02
3.517252e+00	7.402344e+00	5.122238e-02
3.521724e+00	7.421304e+00	5.147300e-02
3.526195e+00	7.390488e+00	5.157326e-02
3.530666e+00	7.373279e+00	5.169216e-02
3.535137e+00	7.398294e+00	5.193247e-02
3.539609e+00	7.407830e+00	5.210174e-02
3.544080e+00	7.492794e+00	5.258743e-02
3.548551e+00	7.511008e+00	5.284936e-02
3.553022e+00	7.522128e+00	5.313469e-02
3.557494e+00	7.366045e+00	5.267970e-02
3.561965e+00	7.372866e+00	5.284993e-02
3.566436e+00	7.406781e+00	5.318397e-02
3.570908e+00	7.390880e+00	5.334185e-02
3.575379e+00	7.351130e+00	5.342802e-02
3.579850e+00	7.366116e+00	5.366536e-02
3.584321e+00	7.388153e+00	5.386895e-02
3.588793e+00	7.415668e+00	5.418303e-02
3.593264e+00	7.317908e+00	5.398272e-02
3.597735e+00	7.365331e+00	5.444759e-02
3.602206e+00	7.369867e+00	5.459480e-02
3.606678e+00	7.430518e+00	5.498771e-02
3.611149e+00	7.343740e+00	5.484289e-02
3.615620e+00	7.458489e+00	5.557422e-02
3.620091e+00	7.387703e+00	5.549883e-02
3.624563e+00	7.441473e+00	5.589710e-02
3.629034e+00	7.399099e+00	5.588691e-02
3.633505e+00	7.351156e+00	5.591159e-02
3.637976e+00	7.298739e+00	5.596700e-02
3.642448e+00	7.307476e+00	5.620601e-02
3.646919e+00	7.365822e+00	5.662797e-02
3.651390e+00	7.433783e+00	5.714346e-02
3.655861e+00	7.365604e+00	5.700699e-02
3.660333e+00	7.408884e+00	5.736423e-02
3.664804e+00	7.318916e+00	5.716276e-02
3.669275e+00	7.393691e+00	5.768032e-02
3.673746e+00	7.382795e+00	5.784980e-02
3.678218e+00	7.290396e+00	5.778018e-02
3.682689e+00	7.362150e+00	5.831906e-02
3.687160e+00	7.337233e+00	5.832408e-02
3.691631e+00	7.270172e+00	5.823717e-02
3.696103e+00	7.231119e+00	5.831021e-02
3.700574e+00	7.354030e+00	5.908311e-02
3.705045e+00	7.355426e+00	5.928427e-02
3.709516e+00	7.318295e+00	5.938623e-02
3.713988e+00	7.247306e+00	5.927584e-02
3.718459e+00	7.388288e+00	6.019268e-02
3.722930e+00	7.241090e+00	5.979282e-02
3.727401e+00	7.311939e+00	6.029747e-02
3.731873e+00	7.242187e+00	6.016739e-02
3.736344e+00	7.191917e+00	6.020565e-02
3.740815e+00	7.324651e+00	6.102428e-02
3.745286e+00	7.323841e+00	6.118427e-02
3.749758e+00	7.300813e+00	6.130985e-02
3.754229e+00	7.376129e+00	6.201398e-02
3.758700e+00	7.264886e+00	6.174621e-02
3.763171e+00	7.246888e+00	6.186230e-02
3.767643e+00	7.267082e+00	6.221754e-02
3.772114e+00	7.257750e+00	6.241371e-02
3.776585e+00	7.299767e+00	6.284908e-02
3.781056e+00	7.319976e+00	6.323481e-02
3.785528e+00	7.242881e+00	6.312388e-02
3.789999e+00	7.293846e+00	6.373037e-02
3.794470e+00	7.084969e+00	6.298177e-02
3.798941e+00	7.136947e+00	6.331543e-02
3.803413e+00	7.180059e+00	6.347008e-02
3.807884e+00	7.182034e+00	6.342159e-02
3.812355e+00	7.080820e+00	6.303317e-02
3.816826e+00	7.182863e+00	6.363583e-02
3.821298e+00	7.276766e+00	6.407900e-02
3.825769e+00	7.321815e+00	6.435312e-02
3.830240e+00	7.213963e+00	6.383999e-02
3.834712e+00	7.180271e+00	6.375822e-02
3.839183e+00	7.064329e+00	6.346657e-02
3.843654e+00	7.083427e+00	6.380878e-02
3.848125e+00	7.077521e+00	6.395143e-02
3.852597e+00	7.125419e+00	6.445929e-02
3.857068e+00	7.026398e+00	6.426093e-02
3.861539e+00	7.123427e+00	6.508984e-02
3.866010e+00	7.099432e+00	6.527402e-02
3.870482e+00	7.027090e+00	6.510017e-02
3.874953e+00	7.112112e+00	6.577784e-02
3.879424e+00	7.052167e+00	6.569490e-02
3.883895e+00	7.031078e+00	6.586698e-02
3.888367e+00	7.083836e+00	6.645960e-02
3.892838e+00	7.012300e+00	6.633997e-02
3.897309e+00	7.081427e+00	6.700027e-02
3.901780e+00	7.094141e+00	6.745565e-02
3.906252e+00	7.098013e+00	6.787717e-02
3.910723e+00	6.925680e+00	6.718760e-02
3.915194e+00	7.055989e+00	6.815992e-02
3.919665e+00	6.994683e+00	6.808847e-02
3.924137e+00	6.862141e+00	6.770281e-02
3.928608e+00	6.906230e+00	6.824610e-02
3.933079e+00	7.039637e+00	6.927387e-02
3.937550e+00	7.089491e+00	6.996877e-02
3.942022e+00	6.960477e+00	6.967568e-02
3.946493e+00	6.854359e+00	6.939026e-02
3.950964e+00	6.923717e+00	7.010940e-02
3.955435e+00	6.806387e+00	6.966686e-02
3.959907e+00	6.886301e+00	7.038831e-02
3.964378e+00	6.842361e+00	7.055525e-02
3.968849e+00	6.941985e+00	7.160842e-02
3.973320e+00	6.905881e+00	7.168578e-02
3.977792e+00	6.969396e+00	7.235587e-02
3.982263e+00	6.961117e+00	7.262553e-02
3.986734e+00	6.927232e+00	7.274954e-02
3.991205e+00	6.788946e+00	7.236409e-02
3.995677e+00	6.981293e+00	7.408552e-02
4.000148e+00	6.734009e+00	7.283650e-02
4.004619e+00	6.908660e+00	7.428505e-02
4.009090e+00	6.836926e+00	7.429982e-02
4.013562e+00	6.745966e+00	7.410909e-02
4.018033e+00	6.795455e+00	7.477280e-02
4.022504e+00	6.764385e+00	7.490872e-02
4.026975e+00	6.907859e+00	7.629622e-02
4.031447e+00	6.871335e+00	7.647427e-02
4.035918e+00	6.793710e+00	7.638315e-02
4.040389e+00	6.755182e+00	7.674921e-02
4.044860e+00	6.822214e+00	7.765572e-02
4.049332e+00	6.817920e+00	7.788327e-02
4.053803e+00	6.754646e+00	7.784843e-02
4.058274e+00	6.818191e+00	7.881518e-02
4.062745e+00	6.551609e+00	7.758395e-02
4.067217e+00	6.579942e+00	7.825299e-02
4.071688e+00	6.552210e+00	7.839248e-02
4.076159e+00	6.665763e+00	7.978079e-02
4.080630e+00	6.632649e+00	8.020671e-02
4.085102e+00	6.819014e+00	8.199942e-02
4.089573e+00	6.633364e+00	8.104324e-02
4.094044e+00	6.600040e+00	8.131233e-02
4.098516e+00	6.659329e+00	8.220652e-02
4.102987e+00	6.628030e+00	8.246471e-02
4.107458e+00	6.559563e+00	8.256553e-02
4.111929e+00	6.605793e+00	8.350026e-02
4.116401e+00	6.692684e+00	8.473855e-02
4.120872e+00	6.631293e+00	8.494581e-02
4.125343e+00	6.596078e+00	8.519304e-02
4.129814e+00	6.562039e+00	8.552679e-02
4.134286e+00	6.504793e+00	8.572412e-02
4.138757e+00	6.592854e+00	8.707844e-02
4.143228e+00	6.497828e+00	8.688281e-02
4.147699e+00	6.431154e+00	8.704218e-02
4.152171e+00	6.532964e+00	8.852971e-02
4.156642e+00	6.597980e+00	8.951482e-02
4.161113e+00	6.531002e+00	8.975033e-02
4.165584e+00	6.438478e+00	8.962096e-02
4.170056e+00	6.572382e+00	9.155504e-02
4.174527e+00	6.408712e+00	9.090775e-02
4.178998e+00	6.521619e+00	9.240527e-02
4.183469e+00	6.458316e+00	9.278858e-02
4.187941e+00	6.365685e+00	9.277599e-02
4.192412e+00	6.511256e+00	9.475725e-02
4.196883e+00	6.474256e+00	9.516419e-02
4.201354e+00	6.612495e+00	9.719571e-02
4.205826e+00	6.580151e+00	9.769414e-02
4.210297e+00	6.293265e+00	9.589392e-02
4.214768e+00	6.667067e+00	1.002424e-01
4.219239e+00	6.370946e+00	9.840976e-02
4.223711e+00	6.530142e+00	1.007565e-01
4.228182e+00	6.556897e+00	1.020098e-01
4.232653e+00	6.606655e+00	1.034848e-01
4.237124e+00	6.492277e+00	1.033618e-01
4.241596e+00	6.448788e+00	1.038174e-01
4.246067e+00	6.323350e+00	1.038202e-01
4.250538e+00	6.577161e+00	1.077834e-01
4.255009e+00	6.231626e+00	1.055990e-01
4.259481e+00	6.490974e+00	1.091740e-01
4.263952e+00	6.367920e+00	1.091934e-01
4.268423e+00	6.255420e+00	1.093288e-01
4.272894e+00	6.240597e+00	1.103499e-01
4.277366e+00	6.498207e+00	1.140553e-01
4.281837e+00	6.403476e+00	1.144274e-01
4.286308e+00	6.336768e+00	1.154276e-01
4.290779e+00	6.251747e+00	1.159949e-01
4.295251e+00	6.650362e+00	1.215029e-01
4.299722e+00	6.255179e+00	1.189343e-01
4.304193e+00	6.367257e+00	1.219132e-01
4.308664e+00	6.368675e+00	1.235503e-01
4.313136e+00	6.136924e+00	1.225255e-01
4.317607e+00	6.331343e+00	1.266163e-01
4.322078e+00	6.221421e+00	1.271249e-01
4.326549e+00	6.418105e+00	1.317736e-01
4.331021e+00	6.188911e+00	1.313478e-01
4.335492e+00	6.138529e+00	1.328628e-01
4.339963e+00	6.252637e+00	1.363069e-01
4.344434e+00	6.219997e+00	1.382659e-01
4.348906e+00	6.280585e+00	1.420370e-01
4.353377e+00	6.188285e+00	1.430923e-01
4.357848e+00	6.339680e+00	1.477439e-01
4.362320e+00	6.288420e+00	1.502788e-01
4.366791e+00	5.985066e+00	1.495063e-01
4.371262e+00	6.330951e+00	1.580993e-01
4.375733e+00	6.291862e+00	1.610386e-01
4.380205e+00	6.281469e+00	1.647840e-01
4.384676e+00	6.284557e+00	1.694634e-01
4.389147e+00	6.269111e+00	1.737154e-01
4.393618e+00	6.338575e+00	1.795468e-01
4.398090e+00	6.138791e+00	1.810721e-01
4.402561e+00	6.148073e+00	1.872182e-01
4.407032e+00	6.293598e+00	1.966744e-01
4.411503e+00	5.943916e+00	1.966392e-01
4.415975e+00	6.252091e+00	2.113861e-01
4.420446e+00	5.809682e+00	2.118995e-01
4.424917e+00	5.693194e+00	2.183675e-01
4.429388e+00	6.056003e+00	2.373094e-01
4.433860e+00	6.035301e+00	2.499668e-01
4.438331e+00	6.476068e+00	2.768454e-01
4.442802e+00	6.704224e+00	3.045701e-01
4.447273e+00	6.106423e+00	3.145527e-01
4.451745e+00	5.977358e+00	3.439545e-01
4.456216e+00	5.689693e+00	3.809330e-01
4.460687e+00	6.016051e+00	4.650559e-01
4.465158e+00	5.511086e+00	5.668445e-01
4.469630e+00	6.154987e+00	1.061513e+00
