# PyFAI 1D azimuthal integration
# Input file: E:/Sample2/CK2-0.3s-insuit-006-300-to-700/CK2-0.3s-insuit-006-300-to-700_saxs/series_1410_data_000001.h5
# Dataset: /entry/data/data
# Timestamp: Thu Apr 23 16:31:26 2026
# Radial	Intensity	Sigma
2.846662e-03	2.600610e+02	3.407540e+00
7.317916e-03	2.573449e+02	2.102739e+00
1.178917e-02	2.583739e+02	1.665248e+00
1.626042e-02	2.692085e+02	1.450997e+00
2.073168e-02	2.755018e+02	1.298232e+00
2.520293e-02	2.805920e+02	1.184625e+00
2.967419e-02	2.847667e+02	1.100218e+00
3.414544e-02	2.909783e+02	1.039483e+00
3.861670e-02	2.981315e+02	9.902530e-01
4.308795e-02	3.028891e+02	9.433970e-01
4.755920e-02	3.067642e+02	9.016367e-01
5.203046e-02	3.098539e+02	8.672972e-01
5.650171e-02	3.157152e+02	8.419667e-01
6.097297e-02	3.263912e+02	8.236564e-01
6.544422e-02	3.553911e+02	8.271192e-01
6.991547e-02	4.578178e+02	9.047805e-01
7.438673e-02	5.523536e+04	9.409156e+00
7.885798e-02	2.048671e+05	1.821376e+01
8.332924e-02	2.715738e+05	2.027156e+01
8.780049e-02	3.182152e+05	2.133374e+01
9.227175e-02	3.486192e+05	2.172889e+01
9.674300e-02	3.760699e+05	2.220968e+01
1.012143e-01	3.290968e+05	2.030357e+01
1.056855e-01	2.863789e+05	1.853405e+01
1.101568e-01	2.508594e+05	1.696942e+01
1.146280e-01	2.199999e+05	1.556891e+01
1.190993e-01	1.941906e+05	1.436644e+01
1.235705e-01	1.725932e+05	1.330183e+01
1.280418e-01	1.534275e+05	1.231323e+01
1.325130e-01	1.368666e+05	1.142281e+01
1.369843e-01	1.226030e+05	1.063856e+01
1.414555e-01	1.105215e+05	9.954181e+00
1.459268e-01	9.937370e+04	9.289512e+00
1.503981e-01	8.984115e+04	8.691545e+00
1.548693e-01	8.153011e+04	8.152365e+00
1.593406e-01	7.394555e+04	7.660049e+00
1.638118e-01	6.721462e+04	7.211226e+00
1.682831e-01	6.130766e+04	6.792319e+00
1.727543e-01	5.606708e+04	6.404696e+00
1.772256e-01	5.130663e+04	6.047412e+00
1.816968e-01	4.707559e+04	5.726249e+00
1.861681e-01	4.319251e+04	5.420723e+00
1.906393e-01	3.983406e+04	5.216413e+00
1.951106e-01	3.686487e+04	5.081038e+00
1.995818e-01	3.411915e+04	4.900139e+00
2.040531e-01	3.153401e+04	4.712528e+00
2.085244e-01	2.925618e+04	4.533960e+00
2.129956e-01	2.715116e+04	4.357562e+00
2.174669e-01	2.525004e+04	4.188084e+00
2.219381e-01	2.340405e+04	4.016625e+00
2.264094e-01	2.179417e+04	3.864413e+00
2.308806e-01	2.029586e+04	3.714537e+00
2.353519e-01	1.894642e+04	3.572468e+00
2.398231e-01	1.771340e+04	3.437886e+00
2.442944e-01	1.655429e+04	3.307662e+00
2.487656e-01	1.550216e+04	3.187303e+00
2.532369e-01	1.451010e+04	3.070078e+00
2.577082e-01	1.362067e+04	2.960166e+00
2.621794e-01	1.276924e+04	2.852138e+00
2.666507e-01	1.198534e+04	2.725001e+00
2.711219e-01	1.119539e+04	2.550937e+00
2.755932e-01	1.050898e+04	2.421774e+00
2.800644e-01	9.876442e+03	2.309149e+00
2.845357e-01	9.303985e+03	2.210711e+00
2.890069e-01	8.771279e+03	2.121455e+00
2.934782e-01	8.270695e+03	2.036217e+00
2.979494e-01	7.815367e+03	1.957194e+00
3.024207e-01	7.376559e+03	1.880470e+00
3.068919e-01	6.979908e+03	1.810779e+00
3.113632e-01	6.608990e+03	1.746092e+00
3.158345e-01	6.263939e+03	1.683944e+00
3.203057e-01	5.937508e+03	1.623926e+00
3.247770e-01	5.628186e+03	1.567106e+00
3.292482e-01	5.333481e+03	1.513180e+00
3.337195e-01	5.063625e+03	1.462994e+00
3.381907e-01	4.813704e+03	1.414763e+00
3.426620e-01	4.578239e+03	1.368095e+00
3.471332e-01	4.357234e+03	1.323950e+00
3.516045e-01	4.150658e+03	1.282910e+00
3.560757e-01	3.947337e+03	1.242211e+00
3.605470e-01	3.757228e+03	1.203015e+00
3.650183e-01	3.585519e+03	1.166607e+00
3.694895e-01	3.418976e+03	1.130790e+00
3.739608e-01	3.265893e+03	1.097872e+00
3.784320e-01	3.116043e+03	1.065350e+00
3.829033e-01	2.979764e+03	1.034767e+00
3.873745e-01	2.846168e+03	1.004384e+00
3.918458e-01	2.721443e+03	9.754710e-01
3.963170e-01	2.606010e+03	9.488944e-01
4.007883e-01	2.494323e+03	9.228969e-01
4.052595e-01	2.387824e+03	8.971434e-01
4.097308e-01	2.286479e+03	8.722547e-01
4.142020e-01	2.188657e+03	8.480158e-01
4.186733e-01	2.099217e+03	8.259531e-01
4.231446e-01	2.014604e+03	8.048122e-01
4.276158e-01	1.934366e+03	7.840137e-01
4.320871e-01	1.855280e+03	7.628582e-01
4.365583e-01	1.781506e+03	7.430027e-01
4.410296e-01	1.712037e+03	7.247687e-01
4.455008e-01	1.647469e+03	7.075014e-01
4.499721e-01	1.584114e+03	6.898921e-01
4.544433e-01	1.522457e+03	6.722047e-01
4.589146e-01	1.466613e+03	6.564005e-01
4.633858e-01	1.411816e+03	6.408886e-01
4.678571e-01	1.358183e+03	6.254430e-01
4.723284e-01	1.308282e+03	6.103557e-01
4.767996e-01	1.261459e+03	5.958105e-01
4.812709e-01	1.215587e+03	5.821757e-01
4.857421e-01	1.171992e+03	5.694484e-01
4.902134e-01	1.130241e+03	5.565925e-01
4.946846e-01	1.091314e+03	5.438166e-01
4.991559e-01	1.053708e+03	5.312740e-01
5.036271e-01	1.015708e+03	5.193940e-01
5.080984e-01	9.804517e+02	5.084291e-01
5.125696e-01	9.487745e+02	4.977718e-01
5.170409e-01	9.164471e+02	4.864089e-01
5.215121e-01	8.865565e+02	4.759359e-01
5.259834e-01	8.574629e+02	4.663336e-01
5.304547e-01	8.286122e+02	4.568934e-01
5.349259e-01	8.015807e+02	4.472069e-01
5.393972e-01	7.765564e+02	4.376308e-01
5.438684e-01	7.520600e+02	4.286782e-01
5.483397e-01	7.286623e+02	4.206559e-01
5.528109e-01	7.048444e+02	4.122038e-01
5.572822e-01	6.831132e+02	4.037771e-01
5.617534e-01	6.614723e+02	3.951156e-01
5.662247e-01	6.410978e+02	3.874599e-01
5.706959e-01	6.234076e+02	3.811649e-01
5.751672e-01	6.040218e+02	3.737489e-01
5.796385e-01	5.852487e+02	3.658811e-01
5.841097e-01	5.678994e+02	3.585302e-01
5.885810e-01	5.516276e+02	3.522074e-01
5.930522e-01	5.359724e+02	3.464289e-01
5.975235e-01	5.193043e+02	3.395990e-01
6.019947e-01	5.046935e+02	3.329282e-01
6.064660e-01	4.909181e+02	3.268304e-01
6.109372e-01	4.769417e+02	3.212838e-01
6.154085e-01	4.633853e+02	3.159388e-01
6.198797e-01	4.504285e+02	3.100619e-01
6.243510e-01	4.383332e+02	3.042336e-01
6.288222e-01	4.260352e+02	2.987044e-01
6.332935e-01	4.148187e+02	2.941745e-01
6.377648e-01	4.032080e+02	2.892511e-01
6.422360e-01	3.924719e+02	2.839882e-01
6.467073e-01	3.821385e+02	2.787950e-01
6.511785e-01	3.719260e+02	2.740973e-01
6.556498e-01	3.617029e+02	2.698654e-01
6.601210e-01	3.531394e+02	2.659022e-01
6.645923e-01	3.436291e+02	2.609013e-01
6.690635e-01	3.341494e+02	2.560507e-01
6.735348e-01	3.261226e+02	2.523241e-01
6.780060e-01	3.180510e+02	2.487438e-01
6.824773e-01	3.099270e+02	2.446209e-01
6.869486e-01	3.027560e+02	2.405584e-01
6.914198e-01	2.951816e+02	2.365789e-01
6.958911e-01	2.874067e+02	2.329893e-01
7.003623e-01	2.808166e+02	2.298892e-01
7.048336e-01	2.738306e+02	2.260143e-01
7.093048e-01	2.674190e+02	2.222469e-01
7.137761e-01	2.609685e+02	2.188107e-01
7.182473e-01	2.546168e+02	2.158206e-01
7.227186e-01	2.489903e+02	2.129625e-01
7.271898e-01	2.427792e+02	2.093198e-01
7.316611e-01	2.366990e+02	2.057297e-01
7.361324e-01	2.320551e+02	2.031842e-01
7.406036e-01	2.265889e+02	2.004353e-01
7.450749e-01	2.211905e+02	1.974249e-01
7.495461e-01	2.163112e+02	1.943487e-01
7.540174e-01	2.109130e+02	1.911429e-01
7.584886e-01	2.064329e+02	1.887813e-01
7.629599e-01	2.017834e+02	1.863551e-01
7.674311e-01	1.973516e+02	1.836410e-01
7.719024e-01	1.932321e+02	1.809010e-01
7.763736e-01	1.886676e+02	1.781343e-01
7.808449e-01	1.842477e+02	1.756972e-01
7.853161e-01	1.807367e+02	1.737018e-01
7.897874e-01	1.765259e+02	1.710237e-01
7.942587e-01	1.730260e+02	1.686279e-01
7.987299e-01	1.694789e+02	1.664230e-01
8.032012e-01	1.661432e+02	1.645042e-01
8.076724e-01	1.625377e+02	1.622855e-01
8.121437e-01	1.591269e+02	1.599873e-01
8.166149e-01	1.557057e+02	1.576574e-01
8.210862e-01	1.526863e+02	1.557284e-01
8.255574e-01	1.494526e+02	1.538017e-01
8.300287e-01	1.464504e+02	1.518759e-01
8.344999e-01	1.430999e+02	1.495599e-01
8.389712e-01	1.403218e+02	1.476495e-01
8.434425e-01	1.375071e+02	1.458552e-01
8.479137e-01	1.346223e+02	1.455703e-01
8.523850e-01	1.319359e+02	1.451372e-01
8.568562e-01	1.291924e+02	1.440636e-01
8.613275e-01	1.267875e+02	1.430480e-01
8.657987e-01	1.240187e+02	1.417185e-01
8.702700e-01	1.216897e+02	1.406148e-01
8.747412e-01	1.192465e+02	1.393535e-01
8.792125e-01	1.171213e+02	1.382156e-01
8.836837e-01	1.148126e+02	1.368472e-01
8.881550e-01	1.127477e+02	1.356534e-01
8.926262e-01	1.105622e+02	1.343679e-01
8.970975e-01	1.081996e+02	1.329754e-01
9.015688e-01	1.060688e+02	1.316908e-01
9.060400e-01	1.038732e+02	1.302130e-01
9.105113e-01	1.020254e+02	1.290393e-01
9.149825e-01	1.000506e+02	1.278202e-01
9.194538e-01	9.798744e+01	1.264602e-01
9.239250e-01	9.659444e+01	1.243056e-01
9.283963e-01	9.506383e+01	1.217907e-01
9.328675e-01	9.339661e+01	1.198366e-01
9.373388e-01	9.151342e+01	1.179271e-01
9.418100e-01	8.997690e+01	1.163843e-01
9.462813e-01	8.833607e+01	1.153976e-01
9.507526e-01	8.687707e+01	1.153708e-01
9.552238e-01	8.532737e+01	1.147000e-01
9.596951e-01	8.409850e+01	1.140997e-01
9.641663e-01	8.270033e+01	1.132371e-01
9.686376e-01	8.128713e+01	1.121908e-01
9.731088e-01	8.015192e+01	1.112342e-01
9.775801e-01	7.913168e+01	1.103553e-01
9.820513e-01	7.770969e+01	1.091605e-01
9.865226e-01	7.618763e+01	1.079474e-01
9.909938e-01	7.485146e+01	1.069537e-01
9.954651e-01	7.377766e+01	1.061386e-01
9.999363e-01	7.240533e+01	1.050915e-01
1.004408e+00	7.146767e+01	1.044065e-01
1.008879e+00	7.032331e+01	1.035232e-01
1.013350e+00	6.910226e+01	1.025189e-01
1.017821e+00	6.782693e+01	1.014626e-01
1.022293e+00	6.687338e+01	1.007113e-01
1.026764e+00	6.567995e+01	9.976722e-02
1.031235e+00	6.467240e+01	9.896567e-02
1.035706e+00	6.370851e+01	9.812792e-02
1.040178e+00	6.263511e+01	9.714903e-02
1.044649e+00	6.159094e+01	9.627289e-02
1.049120e+00	6.065576e+01	9.554328e-02
1.053591e+00	5.946178e+01	9.452161e-02
1.058063e+00	5.851866e+01	9.365772e-02
1.062534e+00	5.745699e+01	9.267385e-02
1.067005e+00	5.678078e+01	9.207511e-02
1.071476e+00	5.565641e+01	9.109632e-02
1.075948e+00	5.476947e+01	9.032824e-02
1.080419e+00	5.378802e+01	8.936971e-02
1.084890e+00	5.301886e+01	8.860873e-02
1.089361e+00	5.243024e+01	8.809253e-02
1.093833e+00	5.143234e+01	8.719276e-02
1.098304e+00	5.068732e+01	8.645857e-02
1.102775e+00	4.994130e+01	8.566993e-02
1.107246e+00	4.921212e+01	8.497954e-02
1.111718e+00	4.832207e+01	8.416709e-02
1.116189e+00	4.765606e+01	8.355416e-02
1.120660e+00	4.711724e+01	8.298624e-02
1.125131e+00	4.648798e+01	8.226117e-02
1.129603e+00	4.565506e+01	8.144847e-02
1.134074e+00	4.513718e+01	8.203264e-02
1.138545e+00	4.455730e+01	8.231483e-02
1.143016e+00	4.380733e+01	8.204716e-02
1.147488e+00	4.314882e+01	8.168575e-02
1.151959e+00	4.264913e+01	8.131590e-02
1.156430e+00	4.211010e+01	8.044680e-02
1.160901e+00	4.134359e+01	7.870631e-02
1.165373e+00	4.089330e+01	7.780167e-02
1.169844e+00	4.014970e+01	7.682013e-02
1.174315e+00	3.959933e+01	7.626698e-02
1.178787e+00	3.929815e+01	7.603451e-02
1.183258e+00	3.858636e+01	7.530086e-02
1.187729e+00	3.800458e+01	7.456594e-02
1.192200e+00	3.766180e+01	7.407607e-02
1.196672e+00	3.692683e+01	7.324050e-02
1.201143e+00	3.648927e+01	7.276472e-02
1.205614e+00	3.590330e+01	7.203306e-02
1.210085e+00	3.539043e+01	7.134116e-02
1.214557e+00	3.508555e+01	7.096484e-02
1.219028e+00	3.457762e+01	7.038698e-02
1.223499e+00	3.411654e+01	6.981700e-02
1.227970e+00	3.359248e+01	6.914672e-02
1.232442e+00	3.316782e+01	6.858786e-02
1.236913e+00	3.277145e+01	6.811998e-02
1.241384e+00	3.237511e+01	6.764844e-02
1.245855e+00	3.190223e+01	6.705279e-02
1.250327e+00	3.152824e+01	6.654249e-02
1.254798e+00	3.105920e+01	6.593449e-02
1.259269e+00	3.061030e+01	6.542815e-02
1.263740e+00	3.030169e+01	6.503750e-02
1.268212e+00	2.995249e+01	6.448884e-02
1.272683e+00	2.960632e+01	6.396147e-02
1.277154e+00	2.898972e+01	6.315035e-02
1.281625e+00	2.865848e+01	6.271343e-02
1.286097e+00	2.832728e+01	6.225437e-02
1.290568e+00	2.804282e+01	6.180764e-02
1.295039e+00	2.774595e+01	6.131381e-02
1.299510e+00	2.740096e+01	6.083118e-02
1.303982e+00	2.698654e+01	6.044988e-02
1.308453e+00	2.662618e+01	6.072566e-02
1.312924e+00	2.629367e+01	6.072370e-02
1.317395e+00	2.597323e+01	6.068145e-02
1.321867e+00	2.569791e+01	6.066232e-02
1.326338e+00	2.539468e+01	6.051898e-02
1.330809e+00	2.510109e+01	6.032599e-02
1.335280e+00	2.480293e+01	6.010896e-02
1.339752e+00	2.449215e+01	5.991122e-02
1.344223e+00	2.428494e+01	5.985424e-02
1.348694e+00	2.397014e+01	5.960143e-02
1.353165e+00	2.371218e+01	5.937508e-02
1.357637e+00	2.345446e+01	5.914662e-02
1.362108e+00	2.304851e+01	5.874079e-02
1.366579e+00	2.287399e+01	5.864478e-02
1.371050e+00	2.266949e+01	5.847455e-02
1.375522e+00	2.230359e+01	5.806307e-02
1.379993e+00	2.215502e+01	5.797315e-02
1.384464e+00	2.183084e+01	5.763569e-02
1.388935e+00	2.165365e+01	5.751950e-02
1.393407e+00	2.138989e+01	5.722219e-02
1.397878e+00	2.102020e+01	5.678207e-02
1.402349e+00	2.085941e+01	5.666499e-02
1.406820e+00	2.069843e+01	5.651573e-02
1.411292e+00	2.042618e+01	5.619377e-02
1.415763e+00	2.019100e+01	5.592806e-02
1.420234e+00	2.002587e+01	5.572192e-02
1.424705e+00	1.979600e+01	5.541804e-02
1.429177e+00	1.956988e+01	5.512343e-02
1.433648e+00	1.940008e+01	5.487638e-02
1.438119e+00	1.916244e+01	5.454395e-02
1.442591e+00	1.898287e+01	5.436901e-02
1.447062e+00	1.876280e+01	5.407729e-02
1.451533e+00	1.856064e+01	5.383629e-02
1.456004e+00	1.836553e+01	5.363624e-02
1.460476e+00	1.814803e+01	5.335923e-02
1.464947e+00	1.795802e+01	5.311697e-02
1.469418e+00	1.778133e+01	5.292164e-02
1.473889e+00	1.746708e+01	5.252363e-02
1.478361e+00	1.728827e+01	5.239541e-02
1.482832e+00	1.712788e+01	5.226888e-02
1.487303e+00	1.696601e+01	5.204791e-02
1.491774e+00	1.676373e+01	5.172648e-02
1.496246e+00	1.661181e+01	5.151845e-02
1.500717e+00	1.651789e+01	5.145054e-02
1.505188e+00	1.627166e+01	5.112323e-02
1.509659e+00	1.608552e+01	5.083767e-02
1.514131e+00	1.598563e+01	5.069702e-02
1.518602e+00	1.573912e+01	5.034484e-02
1.523073e+00	1.561782e+01	5.021020e-02
1.527544e+00	1.553877e+01	5.014410e-02
1.532016e+00	1.524977e+01	4.964837e-02
1.536487e+00	1.518818e+01	4.956911e-02
1.540958e+00	1.494880e+01	4.923033e-02
1.545429e+00	1.482762e+01	4.911080e-02
1.549901e+00	1.466563e+01	4.885121e-02
1.554372e+00	1.451843e+01	4.859968e-02
1.558843e+00	1.431652e+01	4.824597e-02
1.563314e+00	1.406205e+01	4.785068e-02
1.567786e+00	1.404627e+01	4.792934e-02
1.572257e+00	1.394113e+01	4.777006e-02
1.576728e+00	1.376772e+01	4.742146e-02
1.581199e+00	1.362023e+01	4.718094e-02
1.585671e+00	1.338772e+01	4.685833e-02
1.590142e+00	1.332490e+01	4.681909e-02
1.594613e+00	1.323730e+01	4.661606e-02
1.599084e+00	1.319715e+01	4.652261e-02
1.603556e+00	1.306388e+01	4.632965e-02
1.608027e+00	1.295342e+01	4.623309e-02
1.612498e+00	1.285255e+01	4.608348e-02
1.616969e+00	1.265206e+01	4.566097e-02
1.621441e+00	1.259044e+01	4.551197e-02
1.625912e+00	1.248736e+01	4.532885e-02
1.630383e+00	1.238668e+01	4.518122e-02
1.634854e+00	1.216245e+01	4.472766e-02
1.639326e+00	1.205260e+01	4.447157e-02
1.643797e+00	1.207379e+01	4.449752e-02
1.648268e+00	1.181505e+01	4.397610e-02
1.652739e+00	1.175667e+01	4.389010e-02
1.657211e+00	1.162790e+01	4.361792e-02
1.661682e+00	1.149732e+01	4.330915e-02
1.666153e+00	1.142647e+01	4.316023e-02
1.670624e+00	1.130216e+01	4.291012e-02
1.675096e+00	1.120806e+01	4.271435e-02
1.679567e+00	1.106274e+01	4.240475e-02
1.684038e+00	1.098326e+01	4.222748e-02
1.688509e+00	1.093465e+01	4.212429e-02
1.692981e+00	1.082861e+01	4.188406e-02
1.697452e+00	1.073032e+01	4.166018e-02
1.701923e+00	1.063198e+01	4.143039e-02
1.706395e+00	1.051916e+01	4.119961e-02
1.710866e+00	1.037006e+01	4.089792e-02
1.715337e+00	1.035597e+01	4.084166e-02
1.719808e+00	1.024094e+01	4.060598e-02
1.724280e+00	1.011850e+01	4.033382e-02
1.728751e+00	1.008266e+01	4.020689e-02
1.733222e+00	9.943040e+00	3.986442e-02
1.737693e+00	9.803034e+00	3.952249e-02
1.742165e+00	9.669831e+00	3.923105e-02
1.746636e+00	9.662556e+00	3.923995e-02
1.751107e+00	9.525455e+00	3.890393e-02
1.755578e+00	9.467828e+00	3.874901e-02
1.760050e+00	9.313095e+00	3.836661e-02
1.764521e+00	9.266748e+00	3.831142e-02
1.768992e+00	9.102867e+00	3.795392e-02
1.773463e+00	9.112809e+00	3.794602e-02
1.777935e+00	8.972389e+00	3.758235e-02
1.782406e+00	8.874254e+00	3.734256e-02
1.786877e+00	8.909524e+00	3.748358e-02
1.791348e+00	8.757792e+00	3.715303e-02
1.795820e+00	8.613021e+00	3.675788e-02
1.800291e+00	8.593718e+00	3.667773e-02
1.804762e+00	8.532205e+00	3.653134e-02
1.809233e+00	8.391376e+00	3.627325e-02
1.813705e+00	8.315404e+00	3.610354e-02
1.818176e+00	8.204101e+00	3.576671e-02
1.822647e+00	8.185427e+00	3.569481e-02
1.827118e+00	8.120849e+00	3.557866e-02
1.831590e+00	8.071773e+00	3.550212e-02
1.836061e+00	8.034488e+00	3.542389e-02
1.840532e+00	7.946950e+00	3.512713e-02
1.845003e+00	7.909792e+00	3.503063e-02
1.849475e+00	7.744326e+00	3.466437e-02
1.853946e+00	7.659945e+00	3.448970e-02
1.858417e+00	7.656473e+00	3.447678e-02
1.862888e+00	7.536395e+00	3.410254e-02
1.867360e+00	7.539237e+00	3.409969e-02
1.871831e+00	7.428720e+00	3.384656e-02
1.876302e+00	7.444864e+00	3.386457e-02
1.880773e+00	7.361025e+00	3.362843e-02
1.885245e+00	7.266083e+00	3.339105e-02
1.889716e+00	7.248010e+00	3.336358e-02
1.894187e+00	7.133708e+00	3.308202e-02
1.898658e+00	7.101182e+00	3.299168e-02
1.903130e+00	7.049478e+00	3.282659e-02
1.907601e+00	7.002731e+00	3.270903e-02
1.912072e+00	6.912126e+00	3.246876e-02
1.916543e+00	6.899760e+00	3.243506e-02
1.921015e+00	6.810188e+00	3.219992e-02
1.925486e+00	6.779048e+00	3.212136e-02
1.929957e+00	6.750249e+00	3.203278e-02
1.934428e+00	6.729419e+00	3.197109e-02
1.938900e+00	6.600276e+00	3.163530e-02
1.943371e+00	6.562928e+00	3.152631e-02
1.947842e+00	6.551916e+00	3.148078e-02
1.952313e+00	6.437877e+00	3.120114e-02
1.956785e+00	6.373600e+00	3.157289e-02
1.961256e+00	6.326809e+00	3.191252e-02
1.965727e+00	6.237039e+00	3.198148e-02
1.970199e+00	6.205606e+00	3.210751e-02
1.974670e+00	6.158295e+00	3.216166e-02
1.979141e+00	6.116986e+00	3.226896e-02
1.983612e+00	6.002733e+00	3.217765e-02
1.988084e+00	5.982974e+00	3.230253e-02
1.992555e+00	5.887981e+00	3.213716e-02
1.997026e+00	5.929003e+00	3.238950e-02
2.001497e+00	5.876250e+00	3.238752e-02
2.005969e+00	5.804228e+00	3.234592e-02
2.010440e+00	5.701169e+00	3.219798e-02
2.014911e+00	5.648221e+00	3.212099e-02
2.019382e+00	5.626962e+00	3.215030e-02
2.023854e+00	5.580088e+00	3.212009e-02
2.028325e+00	5.516564e+00	3.209954e-02
2.032796e+00	5.609480e+00	3.189025e-02
2.037267e+00	5.563007e+00	3.125302e-02
2.041739e+00	5.535406e+00	3.090638e-02
2.046210e+00	5.453816e+00	3.049894e-02
2.050681e+00	5.428404e+00	3.033856e-02
2.055152e+00	5.446162e+00	3.031660e-02
2.059624e+00	5.317142e+00	2.976913e-02
2.064095e+00	5.291218e+00	2.960326e-02
2.068566e+00	5.302359e+00	2.958609e-02
2.073037e+00	5.234386e+00	2.933376e-02
2.077509e+00	5.194613e+00	2.914608e-02
2.081980e+00	5.177228e+00	2.902908e-02
2.086451e+00	5.122884e+00	2.882181e-02
2.090922e+00	5.065308e+00	2.860685e-02
2.095394e+00	5.066932e+00	2.857306e-02
2.099865e+00	5.034742e+00	2.842199e-02
2.104336e+00	4.975771e+00	2.818438e-02
2.108807e+00	4.972572e+00	2.816215e-02
2.113279e+00	4.971604e+00	2.813761e-02
2.117750e+00	4.896120e+00	2.786430e-02
2.122221e+00	4.909927e+00	2.788123e-02
2.126692e+00	4.848833e+00	2.764766e-02
2.131164e+00	4.816741e+00	2.750797e-02
2.135635e+00	4.818668e+00	2.749071e-02
2.140106e+00	4.774695e+00	2.735484e-02
2.144577e+00	4.699585e+00	2.712686e-02
2.149049e+00	4.691165e+00	2.705911e-02
2.153520e+00	4.651052e+00	2.689398e-02
2.157991e+00	4.630196e+00	2.682062e-02
2.162462e+00	4.526183e+00	2.646935e-02
2.166934e+00	4.539795e+00	2.647555e-02
2.171405e+00	4.513299e+00	2.634968e-02
2.175876e+00	4.534698e+00	2.634644e-02
2.180347e+00	4.524741e+00	2.625682e-02
2.184819e+00	4.451037e+00	2.600747e-02
2.189290e+00	4.314983e+00	2.557332e-02
2.193761e+00	4.401307e+00	2.580114e-02
2.198232e+00	4.306289e+00	2.537865e-02
2.202704e+00	4.309709e+00	2.533320e-02
2.207175e+00	4.301999e+00	2.529416e-02
2.211646e+00	4.299160e+00	2.528053e-02
2.216117e+00	4.261383e+00	2.513633e-02
2.220589e+00	4.237048e+00	2.499990e-02
2.225060e+00	4.227919e+00	2.489141e-02
2.229531e+00	4.215278e+00	2.486065e-02
2.234003e+00	4.143262e+00	2.462381e-02
2.238474e+00	4.158514e+00	2.465895e-02
2.242945e+00	4.104344e+00	2.445339e-02
2.247416e+00	4.099643e+00	2.444569e-02
2.251888e+00	4.022155e+00	2.418435e-02
2.256359e+00	4.033786e+00	2.420192e-02
2.260830e+00	4.022380e+00	2.413644e-02
2.265301e+00	3.975107e+00	2.396107e-02
2.269773e+00	3.937874e+00	2.385747e-02
2.274244e+00	3.942257e+00	2.385697e-02
2.278715e+00	3.924871e+00	2.378041e-02
2.283186e+00	3.929001e+00	2.375772e-02
2.287658e+00	3.871613e+00	2.352589e-02
2.292129e+00	3.849583e+00	2.348120e-02
2.296600e+00	3.858743e+00	2.352422e-02
2.301071e+00	3.836841e+00	2.343385e-02
2.305543e+00	3.810092e+00	2.332110e-02
2.310014e+00	3.792582e+00	2.326439e-02
2.314485e+00	3.723897e+00	2.304705e-02
2.318956e+00	3.700842e+00	2.295901e-02
2.323428e+00	3.689287e+00	2.293384e-02
2.327899e+00	3.660317e+00	2.284519e-02
2.332370e+00	3.663442e+00	2.283770e-02
2.336841e+00	3.600025e+00	2.261209e-02
2.341313e+00	3.635441e+00	2.274230e-02
2.345784e+00	3.612938e+00	2.264892e-02
2.350255e+00	3.575364e+00	2.252248e-02
2.354726e+00	3.549835e+00	2.242934e-02
2.359198e+00	3.580066e+00	2.253514e-02
2.363669e+00	3.500989e+00	2.230101e-02
2.368140e+00	3.463848e+00	2.219894e-02
2.372611e+00	3.460721e+00	2.214772e-02
2.377083e+00	3.425036e+00	2.198982e-02
2.381554e+00	3.419253e+00	2.198660e-02
2.386025e+00	3.417672e+00	2.199235e-02
2.390496e+00	3.357060e+00	2.178116e-02
2.394968e+00	3.386588e+00	2.187490e-02
2.399439e+00	3.324865e+00	2.163579e-02
2.403910e+00	3.318657e+00	2.160765e-02
2.408381e+00	3.310744e+00	2.159560e-02
2.412853e+00	3.275045e+00	2.146515e-02
2.417324e+00	3.207001e+00	2.120128e-02
2.421795e+00	3.251071e+00	2.134538e-02
2.426266e+00	3.189915e+00	2.116714e-02
2.430738e+00	3.172848e+00	2.109488e-02
2.435209e+00	3.155725e+00	2.104026e-02
2.439680e+00	3.131186e+00	2.091785e-02
2.444151e+00	3.148516e+00	2.094222e-02
2.448623e+00	3.131979e+00	2.091054e-02
2.453094e+00	3.129274e+00	2.091195e-02
2.457565e+00	3.103216e+00	2.079239e-02
2.462036e+00	3.084663e+00	2.070871e-02
2.466508e+00	3.079565e+00	2.070050e-02
2.470979e+00	3.090099e+00	2.075108e-02
2.475450e+00	3.020972e+00	2.049096e-02
2.479921e+00	3.003078e+00	2.042289e-02
2.484393e+00	2.979090e+00	2.034628e-02
2.488864e+00	3.021462e+00	2.046135e-02
2.493335e+00	2.997484e+00	2.037503e-02
2.497807e+00	2.968269e+00	2.029987e-02
2.502278e+00	2.928384e+00	2.009768e-02
2.506749e+00	2.963581e+00	2.024275e-02
2.511220e+00	2.935710e+00	2.011763e-02
2.515692e+00	2.872714e+00	1.988488e-02
2.520163e+00	2.936155e+00	2.011053e-02
2.524634e+00	2.834116e+00	1.976376e-02
2.529105e+00	2.859433e+00	1.984604e-02
2.533577e+00	2.817885e+00	1.971086e-02
2.538048e+00	2.787469e+00	1.958241e-02
2.542519e+00	2.820112e+00	1.969682e-02
2.546990e+00	2.830262e+00	1.974100e-02
2.551462e+00	2.771888e+00	1.950989e-02
2.555933e+00	2.755865e+00	1.943119e-02
2.560404e+00	2.756054e+00	1.943556e-02
2.564875e+00	2.762947e+00	1.947929e-02
2.569347e+00	2.735533e+00	1.938056e-02
2.573818e+00	2.736772e+00	1.936305e-02
2.578289e+00	2.716712e+00	1.923694e-02
2.582760e+00	2.685559e+00	1.911382e-02
2.587232e+00	2.710917e+00	1.922761e-02
2.591703e+00	2.667858e+00	1.906342e-02
2.596174e+00	2.709057e+00	1.919758e-02
2.600645e+00	2.686908e+00	1.909409e-02
2.605117e+00	2.627474e+00	1.891374e-02
2.609588e+00	2.597395e+00	1.881127e-02
2.614059e+00	2.637474e+00	1.893182e-02
2.618530e+00	2.617718e+00	1.884271e-02
2.623002e+00	2.562304e+00	1.865957e-02
2.627473e+00	2.566979e+00	1.866991e-02
2.631944e+00	2.589714e+00	1.874013e-02
2.636415e+00	2.524336e+00	1.850009e-02
2.640887e+00	2.501738e+00	1.839425e-02
2.645358e+00	2.531835e+00	1.854384e-02
2.649829e+00	2.508366e+00	1.844429e-02
2.654300e+00	2.504675e+00	1.839134e-02
2.658772e+00	2.465906e+00	1.823193e-02
2.663243e+00	2.454433e+00	1.819203e-02
2.667714e+00	2.475564e+00	1.830251e-02
2.672185e+00	2.455539e+00	1.818888e-02
2.676657e+00	2.437993e+00	1.813807e-02
2.681128e+00	2.426905e+00	1.811357e-02
2.685599e+00	2.404582e+00	1.803214e-02
2.690070e+00	2.378177e+00	1.792310e-02
2.694542e+00	2.414981e+00	1.803843e-02
2.699013e+00	2.386628e+00	1.792980e-02
2.703484e+00	2.388195e+00	1.793049e-02
2.707955e+00	2.350604e+00	1.776863e-02
2.712427e+00	2.345700e+00	1.774554e-02
2.716898e+00	2.352958e+00	1.773710e-02
2.721369e+00	2.366662e+00	1.781669e-02
2.725840e+00	2.334879e+00	1.770119e-02
2.730312e+00	2.315927e+00	1.759907e-02
2.734783e+00	2.279654e+00	1.745130e-02
2.739254e+00	2.308696e+00	1.759048e-02
2.743725e+00	2.285854e+00	1.753433e-02
2.748197e+00	2.275537e+00	1.746274e-02
2.752668e+00	2.270984e+00	1.742531e-02
2.757139e+00	2.251077e+00	1.733072e-02
2.761611e+00	2.249325e+00	1.732728e-02
2.766082e+00	2.228917e+00	1.727168e-02
2.770553e+00	2.221098e+00	1.723813e-02
2.775024e+00	2.220089e+00	1.719076e-02
2.779496e+00	2.210830e+00	1.716291e-02
2.783967e+00	2.219269e+00	1.719810e-02
2.788438e+00	2.195568e+00	1.710853e-02
2.792909e+00	2.167487e+00	1.701119e-02
2.797381e+00	2.178676e+00	1.705573e-02
2.801852e+00	2.131329e+00	1.687487e-02
2.806323e+00	2.169245e+00	1.699997e-02
2.810794e+00	2.144598e+00	1.689235e-02
2.815266e+00	2.123165e+00	1.682539e-02
2.819737e+00	2.126453e+00	1.684899e-02
2.824208e+00	2.105975e+00	1.675403e-02
2.828679e+00	2.118729e+00	1.679526e-02
2.833151e+00	2.078349e+00	1.661501e-02
2.837622e+00	2.121776e+00	1.680308e-02
2.842093e+00	2.069375e+00	1.662586e-02
2.846564e+00	2.091423e+00	1.667790e-02
2.851036e+00	2.104738e+00	1.670233e-02
2.855507e+00	2.057171e+00	1.653214e-02
2.859978e+00	2.070654e+00	1.660626e-02
2.864449e+00	2.060134e+00	1.651930e-02
2.868921e+00	2.056438e+00	1.648564e-02
2.873392e+00	2.040410e+00	1.640871e-02
2.877863e+00	2.017823e+00	1.638130e-02
2.882334e+00	2.031123e+00	1.638098e-02
2.886806e+00	2.028029e+00	1.636281e-02
2.891277e+00	2.006751e+00	1.629106e-02
2.895748e+00	1.985212e+00	1.622745e-02
2.900219e+00	1.959036e+00	1.615422e-02
2.904691e+00	1.986511e+00	1.622232e-02
2.909162e+00	1.982214e+00	1.619150e-02
2.913633e+00	1.926261e+00	1.597705e-02
2.918104e+00	1.961448e+00	1.610495e-02
2.922576e+00	1.929114e+00	1.599104e-02
2.927047e+00	1.938343e+00	1.601156e-02
2.931518e+00	1.931471e+00	1.600057e-02
2.935989e+00	1.937945e+00	1.601990e-02
2.940461e+00	1.895392e+00	1.582386e-02
2.944932e+00	1.894629e+00	1.586216e-02
2.949403e+00	1.887675e+00	1.582657e-02
2.953874e+00	1.866735e+00	1.572955e-02
2.958346e+00	1.867448e+00	1.577438e-02
2.962817e+00	1.825803e+00	1.559096e-02
2.967288e+00	1.872932e+00	1.571947e-02
2.971759e+00	1.845621e+00	1.562651e-02
2.976231e+00	1.808336e+00	1.551022e-02
2.980702e+00	1.859200e+00	1.567522e-02
2.985173e+00	1.843278e+00	1.558588e-02
2.989644e+00	1.834029e+00	1.553205e-02
2.994116e+00	1.831591e+00	1.554490e-02
2.998587e+00	1.825195e+00	1.555859e-02
3.003058e+00	1.802065e+00	1.538406e-02
3.007529e+00	1.810996e+00	1.543136e-02
3.012001e+00	1.794821e+00	1.540283e-02
3.016472e+00	1.784281e+00	1.534580e-02
3.020943e+00	1.805699e+00	1.542994e-02
3.025415e+00	1.758931e+00	1.526897e-02
3.029886e+00	1.770318e+00	1.528597e-02
3.034357e+00	1.763242e+00	1.525009e-02
3.038828e+00	1.787005e+00	1.531635e-02
3.043300e+00	1.757231e+00	1.521984e-02
3.047771e+00	1.743163e+00	1.516122e-02
3.052242e+00	1.751046e+00	1.520828e-02
3.056713e+00	1.726171e+00	1.513798e-02
3.061185e+00	1.732360e+00	1.541070e-02
3.065656e+00	1.707588e+00	1.553204e-02
3.070127e+00	1.693898e+00	1.561764e-02
3.074598e+00	1.673481e+00	1.565717e-02
3.079070e+00	1.676914e+00	1.574918e-02
3.083541e+00	1.663747e+00	1.577026e-02
3.088012e+00	1.642295e+00	1.581379e-02
3.092483e+00	1.622451e+00	1.578909e-02
3.096955e+00	1.611413e+00	1.585373e-02
3.101426e+00	1.621467e+00	1.595110e-02
3.105897e+00	1.619446e+00	1.599379e-02
3.110368e+00	1.583333e+00	1.593024e-02
3.114840e+00	1.603824e+00	1.607091e-02
3.119311e+00	1.583748e+00	1.607774e-02
3.123782e+00	1.580317e+00	1.616042e-02
3.128253e+00	1.549438e+00	1.606223e-02
3.132725e+00	1.571502e+00	1.617868e-02
3.137196e+00	1.531600e+00	1.610275e-02
3.141667e+00	1.535068e+00	1.614719e-02
3.146138e+00	1.523755e+00	1.616205e-02
3.150610e+00	1.524964e+00	1.619633e-02
3.155081e+00	1.512538e+00	1.621134e-02
3.159552e+00	1.513950e+00	1.632752e-02
3.164023e+00	1.506267e+00	1.627402e-02
3.168495e+00	1.495323e+00	1.629960e-02
3.172966e+00	1.482754e+00	1.634108e-02
3.177437e+00	1.468908e+00	1.630427e-02
3.181908e+00	1.464138e+00	1.629019e-02
3.186380e+00	1.448527e+00	1.631206e-02
3.190851e+00	1.429097e+00	1.621278e-02
3.195322e+00	1.454487e+00	1.637421e-02
3.199793e+00	1.421463e+00	1.624634e-02
3.204265e+00	1.438670e+00	1.633761e-02
3.208736e+00	1.443340e+00	1.638762e-02
3.213207e+00	1.394975e+00	1.619220e-02
3.217678e+00	1.426925e+00	1.634719e-02
3.222150e+00	1.395737e+00	1.622573e-02
3.226621e+00	1.383364e+00	1.619622e-02
3.231092e+00	1.406190e+00	1.629814e-02
3.235563e+00	1.406998e+00	1.631649e-02
3.240035e+00	1.413188e+00	1.638439e-02
3.244506e+00	1.420537e+00	1.657045e-02
3.248977e+00	1.421042e+00	1.688612e-02
3.253448e+00	1.433148e+00	1.720352e-02
3.257920e+00	1.448288e+00	1.742488e-02
3.262391e+00	1.440953e+00	1.756909e-02
3.266862e+00	1.454887e+00	1.780409e-02
3.271333e+00	1.457524e+00	1.795994e-02
3.275805e+00	1.449752e+00	1.805409e-02
3.280276e+00	1.445085e+00	1.821401e-02
3.284747e+00	1.462269e+00	1.846355e-02
3.289218e+00	1.483607e+00	1.858018e-02
3.293690e+00	1.516209e+00	1.888642e-02
3.298161e+00	1.509781e+00	1.901827e-02
3.302632e+00	1.489045e+00	1.898675e-02
3.307104e+00	1.490934e+00	1.912789e-02
3.311575e+00	1.505741e+00	1.939370e-02
3.316046e+00	1.519865e+00	1.951588e-02
3.320517e+00	1.501059e+00	1.955736e-02
3.324989e+00	1.528468e+00	1.982174e-02
3.329460e+00	1.534184e+00	1.996842e-02
3.333931e+00	1.485089e+00	1.987695e-02
3.338402e+00	1.521149e+00	2.011446e-02
3.342874e+00	1.504680e+00	2.030813e-02
3.347345e+00	1.539049e+00	2.047927e-02
3.351816e+00	1.531619e+00	2.065241e-02
3.356287e+00	1.528657e+00	2.071206e-02
3.360759e+00	1.564927e+00	2.101188e-02
3.365230e+00	1.535720e+00	2.084474e-02
3.369701e+00	1.522420e+00	2.084600e-02
3.374172e+00	1.523668e+00	2.095696e-02
3.378644e+00	1.544226e+00	2.113908e-02
3.383115e+00	1.539858e+00	2.127095e-02
3.387586e+00	1.562926e+00	2.148471e-02
3.392057e+00	1.558860e+00	2.162837e-02
3.396529e+00	1.507224e+00	2.149951e-02
3.401000e+00	1.545270e+00	2.175374e-02
3.405471e+00	1.547815e+00	2.188047e-02
3.409942e+00	1.548595e+00	2.203804e-02
3.414414e+00	1.573313e+00	2.239344e-02
3.418885e+00	1.531751e+00	2.217468e-02
3.423356e+00	1.570787e+00	2.258085e-02
3.427827e+00	1.522340e+00	2.245744e-02
3.432299e+00	1.560686e+00	2.277977e-02
3.436770e+00	1.580515e+00	2.299772e-02
3.441241e+00	1.585954e+00	2.311553e-02
3.445712e+00	1.560271e+00	2.314995e-02
3.450184e+00	1.588774e+00	2.336815e-02
3.454655e+00	1.599664e+00	2.357933e-02
3.459126e+00	1.606600e+00	2.378786e-02
3.463597e+00	1.589810e+00	2.387016e-02
3.468069e+00	1.571874e+00	2.388383e-02
3.472540e+00	1.589476e+00	2.403716e-02
3.477011e+00	1.595888e+00	2.430369e-02
3.481482e+00	1.632115e+00	2.470898e-02
3.485954e+00	1.602578e+00	2.460866e-02
3.490425e+00	1.648280e+00	2.503188e-02
3.494896e+00	1.631650e+00	2.511894e-02
3.499367e+00	1.547516e+00	2.467840e-02
3.503839e+00	1.607994e+00	2.511832e-02
3.508310e+00	1.560776e+00	2.494394e-02
3.512781e+00	1.620138e+00	2.541036e-02
3.517252e+00	1.611510e+00	2.543993e-02
3.521724e+00	1.618899e+00	2.559821e-02
3.526195e+00	1.578364e+00	2.534634e-02
3.530666e+00	1.575379e+00	2.547412e-02
3.535137e+00	1.587572e+00	2.563813e-02
3.539609e+00	1.543652e+00	2.546750e-02
3.544080e+00	1.580016e+00	2.581048e-02
3.548551e+00	1.540456e+00	2.555582e-02
3.553022e+00	1.571444e+00	2.594541e-02
3.557494e+00	1.531314e+00	2.574233e-02
3.561965e+00	1.546596e+00	2.588060e-02
3.566436e+00	1.532130e+00	2.591668e-02
3.570908e+00	1.575362e+00	2.628691e-02
3.575379e+00	1.552878e+00	2.619946e-02
3.579850e+00	1.550121e+00	2.627588e-02
3.584321e+00	1.524877e+00	2.631412e-02
3.588793e+00	1.576092e+00	2.663326e-02
3.593264e+00	1.532095e+00	2.655709e-02
3.597735e+00	1.589331e+00	2.693195e-02
3.602206e+00	1.531972e+00	2.661459e-02
3.606678e+00	1.519814e+00	2.668530e-02
3.611149e+00	1.548508e+00	2.705852e-02
3.615620e+00	1.586297e+00	2.725554e-02
3.620091e+00	1.541533e+00	2.714762e-02
3.624563e+00	1.534680e+00	2.720082e-02
3.629034e+00	1.539414e+00	2.733493e-02
3.633505e+00	1.563936e+00	2.754968e-02
3.637976e+00	1.459487e+00	2.699546e-02
3.642448e+00	1.494883e+00	2.734974e-02
3.646919e+00	1.499342e+00	2.736012e-02
3.651390e+00	1.483531e+00	2.749750e-02
3.655861e+00	1.522160e+00	2.783799e-02
3.660333e+00	1.506274e+00	2.775582e-02
3.664804e+00	1.497135e+00	2.780875e-02
3.669275e+00	1.526847e+00	2.815935e-02
3.673746e+00	1.469920e+00	2.779192e-02
3.678218e+00	1.546380e+00	2.865489e-02
3.682689e+00	1.506723e+00	2.819468e-02
3.687160e+00	1.531025e+00	2.845933e-02
3.691631e+00	1.502216e+00	2.844967e-02
3.696103e+00	1.491988e+00	2.857306e-02
3.700574e+00	1.461495e+00	2.845616e-02
3.705045e+00	1.439100e+00	2.836278e-02
3.709516e+00	1.430796e+00	2.846370e-02
3.713988e+00	1.431689e+00	2.851705e-02
3.718459e+00	1.463623e+00	2.888035e-02
3.722930e+00	1.407061e+00	2.861009e-02
3.727401e+00	1.403327e+00	2.872716e-02
3.731873e+00	1.403251e+00	2.885155e-02
3.736344e+00	1.429921e+00	2.909555e-02
3.740815e+00	1.477018e+00	2.936142e-02
3.745286e+00	1.476400e+00	2.950609e-02
3.749758e+00	1.432809e+00	2.936531e-02
3.754229e+00	1.438053e+00	2.967654e-02
3.758700e+00	1.471703e+00	3.001466e-02
3.763171e+00	1.386265e+00	2.943868e-02
3.767643e+00	1.397553e+00	2.977174e-02
3.772114e+00	1.384717e+00	2.967526e-02
3.776585e+00	1.430358e+00	3.021702e-02
3.781056e+00	1.393882e+00	3.002497e-02
3.785528e+00	1.406637e+00	3.025627e-02
3.789999e+00	1.354611e+00	3.007152e-02
3.794470e+00	1.365820e+00	3.020887e-02
3.798941e+00	1.387598e+00	3.037243e-02
3.803413e+00	1.423508e+00	3.054122e-02
3.807884e+00	1.407393e+00	3.051092e-02
3.812355e+00	1.364739e+00	3.031283e-02
3.816826e+00	1.412317e+00	3.070866e-02
3.821298e+00	1.413346e+00	3.076707e-02
3.825769e+00	1.356903e+00	3.033860e-02
3.830240e+00	1.369764e+00	3.034811e-02
3.834712e+00	1.371102e+00	3.062305e-02
3.839183e+00	1.382316e+00	3.059074e-02
3.843654e+00	1.389815e+00	3.070058e-02
3.848125e+00	1.367911e+00	3.064588e-02
3.852597e+00	1.360936e+00	3.077346e-02
3.857068e+00	1.331359e+00	3.081888e-02
3.861539e+00	1.362660e+00	3.106036e-02
3.866010e+00	1.363177e+00	3.125969e-02
3.870482e+00	1.437197e+00	3.201693e-02
3.874953e+00	1.354302e+00	3.146441e-02
3.879424e+00	1.398920e+00	3.190242e-02
3.883895e+00	1.298343e+00	3.121555e-02
3.888367e+00	1.388961e+00	3.214694e-02
3.892838e+00	1.401340e+00	3.240519e-02
3.897309e+00	1.336085e+00	3.191394e-02
3.901780e+00	1.346789e+00	3.227033e-02
3.906252e+00	1.386912e+00	3.268284e-02
3.910723e+00	1.262489e+00	3.170314e-02
3.915194e+00	1.333847e+00	3.259427e-02
3.919665e+00	1.334885e+00	3.285307e-02
3.924137e+00	1.330712e+00	3.277053e-02
3.928608e+00	1.378080e+00	3.343658e-02
3.933079e+00	1.349281e+00	3.323578e-02
3.937550e+00	1.293297e+00	3.305449e-02
3.942022e+00	1.288397e+00	3.319884e-02
3.946493e+00	1.358201e+00	3.381087e-02
3.950964e+00	1.326051e+00	3.385047e-02
3.955435e+00	1.257354e+00	3.326662e-02
3.959907e+00	1.292873e+00	3.370518e-02
3.964378e+00	1.321565e+00	3.406440e-02
3.968849e+00	1.357025e+00	3.457277e-02
3.973320e+00	1.336323e+00	3.467160e-02
3.977792e+00	1.277959e+00	3.422095e-02
3.982263e+00	1.271591e+00	3.437949e-02
3.986734e+00	1.266636e+00	3.471535e-02
3.991205e+00	1.264619e+00	3.502266e-02
3.995677e+00	1.265976e+00	3.497430e-02
4.000148e+00	1.282077e+00	3.525562e-02
4.004619e+00	1.234854e+00	3.511978e-02
4.009090e+00	1.297760e+00	3.569354e-02
4.013562e+00	1.283386e+00	3.576833e-02
4.018033e+00	1.316554e+00	3.650900e-02
4.022504e+00	1.279163e+00	3.615925e-02
4.026975e+00	1.214704e+00	3.583796e-02
4.031447e+00	1.293798e+00	3.661237e-02
4.035918e+00	1.239608e+00	3.635050e-02
4.040389e+00	1.252622e+00	3.690423e-02
4.044860e+00	1.163562e+00	3.605566e-02
4.049332e+00	1.220325e+00	3.679061e-02
4.053803e+00	1.261799e+00	3.737891e-02
4.058274e+00	1.204491e+00	3.717775e-02
4.062745e+00	1.183702e+00	3.731636e-02
4.067217e+00	1.213590e+00	3.774574e-02
4.071688e+00	1.237284e+00	3.814545e-02
4.076159e+00	1.204629e+00	3.782644e-02
4.080630e+00	1.217251e+00	3.835610e-02
4.085102e+00	1.182914e+00	3.868931e-02
4.089573e+00	1.182295e+00	3.855978e-02
4.094044e+00	1.188369e+00	3.890256e-02
4.098516e+00	1.181731e+00	3.919513e-02
4.102987e+00	1.134628e+00	3.894953e-02
4.107458e+00	1.161332e+00	3.932524e-02
4.111929e+00	1.210984e+00	4.023215e-02
4.116401e+00	1.125438e+00	3.998901e-02
4.120872e+00	1.140618e+00	4.009238e-02
4.125343e+00	1.153608e+00	4.057670e-02
4.129814e+00	1.167012e+00	4.098238e-02
4.134286e+00	1.133507e+00	4.069958e-02
4.138757e+00	1.105644e+00	4.109786e-02
4.143228e+00	1.114648e+00	4.121325e-02
4.147699e+00	1.132848e+00	4.180288e-02
4.152171e+00	1.129573e+00	4.202517e-02
4.156642e+00	1.055082e+00	4.147891e-02
4.161113e+00	1.051687e+00	4.189553e-02
4.165584e+00	1.125679e+00	4.274480e-02
4.170056e+00	1.177524e+00	4.412296e-02
4.174527e+00	1.079048e+00	4.278843e-02
4.178998e+00	1.116552e+00	4.388391e-02
4.183469e+00	1.064669e+00	4.360711e-02
4.187941e+00	1.016173e+00	4.352834e-02
4.192412e+00	1.068900e+00	4.446691e-02
4.196883e+00	9.953774e-01	4.395768e-02
4.201354e+00	1.027144e+00	4.501450e-02
4.205826e+00	1.021006e+00	4.519237e-02
4.210297e+00	1.045688e+00	4.527901e-02
4.214768e+00	1.097274e+00	4.697298e-02
4.219239e+00	1.034141e+00	4.663452e-02
4.223711e+00	9.970122e-01	4.631826e-02
4.228182e+00	9.194873e-01	4.587419e-02
4.232653e+00	9.515778e-01	4.687470e-02
4.237124e+00	1.013062e+00	4.778806e-02
4.241596e+00	1.035343e+00	4.868653e-02
4.246067e+00	9.307838e-01	4.786346e-02
4.250538e+00	9.118497e-01	4.804439e-02
4.255009e+00	8.959242e-01	4.852527e-02
4.259481e+00	9.184068e-01	4.974026e-02
4.263952e+00	8.586745e-01	4.959069e-02
4.268423e+00	9.793839e-01	5.131311e-02
4.272894e+00	9.402313e-01	5.132154e-02
4.277366e+00	8.486291e-01	5.113133e-02
4.281837e+00	8.875412e-01	5.173732e-02
4.286308e+00	8.197002e-01	5.168657e-02
4.290779e+00	8.180166e-01	5.279844e-02
4.295251e+00	8.825239e-01	5.411069e-02
4.299722e+00	7.750619e-01	5.300802e-02
4.304193e+00	7.936428e-01	5.430134e-02
4.308664e+00	7.773590e-01	5.454082e-02
4.313136e+00	7.638661e-01	5.503192e-02
4.317607e+00	7.717037e-01	5.625223e-02
4.322078e+00	7.828695e-01	5.708215e-02
4.326549e+00	6.817849e-01	5.702261e-02
4.331021e+00	7.602314e-01	5.869466e-02
4.335492e+00	7.353107e-01	5.929352e-02
4.339963e+00	7.172641e-01	5.998024e-02
4.344434e+00	7.873113e-01	6.227541e-02
4.348906e+00	7.853612e-01	6.273331e-02
4.353377e+00	7.775015e-01	6.461105e-02
4.357848e+00	7.262834e-01	6.622272e-02
4.362320e+00	7.309767e-01	6.641958e-02
4.366791e+00	8.214380e-01	6.860312e-02
4.371262e+00	7.583473e-01	6.973303e-02
4.375733e+00	7.501160e-01	7.140349e-02
4.380205e+00	7.038729e-01	7.302451e-02
4.384676e+00	7.980976e-01	7.680248e-02
4.389147e+00	8.110223e-01	7.705272e-02
4.393618e+00	7.254272e-01	7.835090e-02
4.398090e+00	7.807146e-01	8.158749e-02
4.402561e+00	7.515418e-01	8.553420e-02
4.407032e+00	5.578865e-01	8.359673e-02
4.411503e+00	6.985011e-01	9.066645e-02
4.415975e+00	7.339531e-01	9.305879e-02
4.420446e+00	6.829590e-01	9.612776e-02
4.424917e+00	7.232038e-01	1.012998e-01
4.429388e+00	5.956317e-01	1.046686e-01
4.433860e+00	7.925271e-01	1.155142e-01
4.438331e+00	8.680559e-01	1.237805e-01
4.442802e+00	6.325298e-01	1.279563e-01
4.447273e+00	8.855380e-01	1.465442e-01
4.451745e+00	5.120808e-01	1.484465e-01
4.456216e+00	7.255341e-01	1.766579e-01
4.460687e+00	8.336636e-01	2.146552e-01
4.465158e+00	5.883939e-01	2.565403e-01
4.469630e+00	1.239477e+00	4.760632e-01
