# PyFAI 1D azimuthal integration
# Input file: E:/Sample2/CK2-0.3s-insuit-006-300-to-700/CK2-0.3s-insuit-006-300-to-700_saxs/series_1410_data_000001.h5
# Dataset: /entry/data/data
# Timestamp: Thu Apr 23 16:31:26 2026
# Radial	Intensity	Sigma
2.846662e-03	2.538046e+02	3.363278e+00
7.317916e-03	2.552626e+02	2.089543e+00
1.178917e-02	2.622350e+02	1.678112e+00
1.626042e-02	2.693385e+02	1.451572e+00
2.073168e-02	2.753445e+02	1.298598e+00
2.520293e-02	2.819234e+02	1.188516e+00
2.967419e-02	2.857009e+02	1.101546e+00
3.414544e-02	2.927403e+02	1.042488e+00
3.861670e-02	2.982419e+02	9.901491e-01
4.308795e-02	3.025837e+02	9.427558e-01
4.755920e-02	3.062764e+02	9.008679e-01
5.203046e-02	3.101335e+02	8.673566e-01
5.650171e-02	3.133108e+02	8.379468e-01
6.097297e-02	3.232378e+02	8.195698e-01
6.544422e-02	3.526235e+02	8.240831e-01
6.991547e-02	4.574612e+02	9.046655e-01
7.438673e-02	5.515366e+04	9.401847e+00
7.885798e-02	2.044192e+05	1.819270e+01
8.332924e-02	2.709820e+05	2.024911e+01
8.780049e-02	3.175774e+05	2.131231e+01
9.227175e-02	3.478320e+05	2.170370e+01
9.674300e-02	3.753404e+05	2.218834e+01
1.012143e-01	3.284605e+05	2.028362e+01
1.056855e-01	2.858567e+05	1.851703e+01
1.101568e-01	2.502183e+05	1.694748e+01
1.146280e-01	2.194845e+05	1.555105e+01
1.190993e-01	1.937016e+05	1.434843e+01
1.235705e-01	1.721286e+05	1.328376e+01
1.280418e-01	1.531093e+05	1.230030e+01
1.325130e-01	1.365809e+05	1.141070e+01
1.369843e-01	1.223171e+05	1.062636e+01
1.414555e-01	1.102536e+05	9.942408e+00
1.459268e-01	9.916174e+04	9.279642e+00
1.503981e-01	8.962450e+04	8.680912e+00
1.548693e-01	8.131245e+04	8.141432e+00
1.593406e-01	7.377906e+04	7.651466e+00
1.638118e-01	6.708982e+04	7.204661e+00
1.682831e-01	6.119344e+04	6.786201e+00
1.727543e-01	5.591734e+04	6.396128e+00
1.772256e-01	5.115969e+04	6.038651e+00
1.816968e-01	4.695777e+04	5.719257e+00
1.861681e-01	4.308810e+04	5.414411e+00
1.906393e-01	3.973298e+04	5.209797e+00
1.951106e-01	3.679084e+04	5.076191e+00
1.995818e-01	3.404364e+04	4.894743e+00
2.040531e-01	3.146163e+04	4.706969e+00
2.085244e-01	2.921310e+04	4.531024e+00
2.129956e-01	2.708849e+04	4.352682e+00
2.174669e-01	2.517139e+04	4.181383e+00
2.219381e-01	2.334588e+04	4.011781e+00
2.264094e-01	2.173279e+04	3.859059e+00
2.308806e-01	2.024383e+04	3.709740e+00
2.353519e-01	1.890585e+04	3.568686e+00
2.398231e-01	1.768155e+04	3.434884e+00
2.442944e-01	1.651480e+04	3.303582e+00
2.487656e-01	1.547203e+04	3.184339e+00
2.532369e-01	1.447405e+04	3.066127e+00
2.577082e-01	1.358763e+04	2.956492e+00
2.621794e-01	1.274820e+04	2.849972e+00
2.666507e-01	1.196221e+04	2.722304e+00
2.711219e-01	1.117294e+04	2.548303e+00
2.755932e-01	1.048467e+04	2.419088e+00
2.800644e-01	9.851729e+03	2.306326e+00
2.845357e-01	9.277952e+03	2.207581e+00
2.890069e-01	8.751514e+03	2.119097e+00
2.934782e-01	8.253883e+03	2.034114e+00
2.979494e-01	7.795881e+03	1.954658e+00
3.024207e-01	7.358639e+03	1.878132e+00
3.068919e-01	6.961665e+03	1.808354e+00
3.113632e-01	6.593874e+03	1.744072e+00
3.158345e-01	6.251109e+03	1.682278e+00
3.203057e-01	5.921951e+03	1.621767e+00
3.247770e-01	5.613302e+03	1.564963e+00
3.292482e-01	5.323415e+03	1.511830e+00
3.337195e-01	5.049211e+03	1.460860e+00
3.381907e-01	4.803449e+03	1.413179e+00
3.426620e-01	4.569935e+03	1.366750e+00
3.471332e-01	4.348575e+03	1.322679e+00
3.516045e-01	4.138532e+03	1.281051e+00
3.560757e-01	3.937333e+03	1.240651e+00
3.605470e-01	3.750837e+03	1.202042e+00
3.650183e-01	3.576726e+03	1.165096e+00
3.694895e-01	3.411833e+03	1.129594e+00
3.739608e-01	3.258042e+03	1.096520e+00
3.784320e-01	3.109607e+03	1.064294e+00
3.829033e-01	2.970091e+03	1.033008e+00
3.873745e-01	2.841735e+03	1.003658e+00
3.918458e-01	2.714568e+03	9.742869e-01
3.963170e-01	2.598819e+03	9.475876e-01
4.007883e-01	2.488266e+03	9.217536e-01
4.052595e-01	2.382725e+03	8.961887e-01
4.097308e-01	2.281416e+03	8.712586e-01
4.142020e-01	2.184808e+03	8.472504e-01
4.186733e-01	2.094283e+03	8.249894e-01
4.231446e-01	2.010578e+03	8.040740e-01
4.276158e-01	1.929401e+03	7.829906e-01
4.320871e-01	1.850848e+03	7.619472e-01
4.365583e-01	1.776090e+03	7.418672e-01
4.410296e-01	1.707502e+03	7.238014e-01
4.455008e-01	1.641946e+03	7.062573e-01
4.499721e-01	1.580848e+03	6.891998e-01
4.544433e-01	1.519300e+03	6.714849e-01
4.589146e-01	1.463423e+03	6.556727e-01
4.633858e-01	1.408353e+03	6.400823e-01
4.678571e-01	1.355179e+03	6.247411e-01
4.723284e-01	1.305172e+03	6.096745e-01
4.767996e-01	1.257890e+03	5.949935e-01
4.812709e-01	1.214333e+03	5.819016e-01
4.857421e-01	1.171112e+03	5.691972e-01
4.902134e-01	1.128810e+03	5.562159e-01
4.946846e-01	1.088517e+03	5.431229e-01
4.991559e-01	1.050537e+03	5.304481e-01
5.036271e-01	1.014241e+03	5.189950e-01
5.080984e-01	9.793809e+02	5.081058e-01
5.125696e-01	9.470508e+02	4.972869e-01
5.170409e-01	9.150555e+02	4.860784e-01
5.215121e-01	8.839724e+02	4.752718e-01
5.259834e-01	8.551560e+02	4.657453e-01
5.304547e-01	8.264438e+02	4.562817e-01
5.349259e-01	7.998306e+02	4.467063e-01
5.393972e-01	7.741673e+02	4.369087e-01
5.438684e-01	7.502707e+02	4.281428e-01
5.483397e-01	7.263592e+02	4.199656e-01
5.528109e-01	7.039501e+02	4.120163e-01
5.572822e-01	6.813021e+02	4.032326e-01
5.617534e-01	6.604060e+02	3.947785e-01
5.662247e-01	6.400468e+02	3.871573e-01
5.706959e-01	6.217576e+02	3.806420e-01
5.751672e-01	6.024490e+02	3.732493e-01
5.796385e-01	5.840289e+02	3.654858e-01
5.841097e-01	5.670010e+02	3.582643e-01
5.885810e-01	5.499643e+02	3.516700e-01
5.930522e-01	5.342723e+02	3.458334e-01
5.975235e-01	5.187287e+02	3.394009e-01
6.019947e-01	5.043390e+02	3.328099e-01
6.064660e-01	4.894714e+02	3.263375e-01
6.109372e-01	4.748855e+02	3.205850e-01
6.154085e-01	4.616503e+02	3.153604e-01
6.198797e-01	4.493982e+02	3.097289e-01
6.243510e-01	4.376791e+02	3.040048e-01
6.288222e-01	4.253076e+02	2.984446e-01
6.332935e-01	4.136947e+02	2.937939e-01
6.377648e-01	4.024210e+02	2.890253e-01
6.422360e-01	3.911165e+02	2.835015e-01
6.467073e-01	3.812922e+02	2.785151e-01
6.511785e-01	3.715881e+02	2.740123e-01
6.556498e-01	3.614391e+02	2.697702e-01
6.601210e-01	3.523605e+02	2.655743e-01
6.645923e-01	3.432703e+02	2.607764e-01
6.690635e-01	3.335431e+02	2.558383e-01
6.735348e-01	3.251188e+02	2.519493e-01
6.780060e-01	3.172288e+02	2.484732e-01
6.824773e-01	3.092696e+02	2.444043e-01
6.869486e-01	3.016790e+02	2.400966e-01
6.914198e-01	2.938203e+02	2.359553e-01
6.958911e-01	2.875208e+02	2.330422e-01
7.003623e-01	2.804399e+02	2.297301e-01
7.048336e-01	2.732155e+02	2.257683e-01
7.093048e-01	2.667960e+02	2.219926e-01
7.137761e-01	2.602709e+02	2.184908e-01
7.182473e-01	2.542626e+02	2.156748e-01
7.227186e-01	2.481715e+02	2.125771e-01
7.271898e-01	2.424432e+02	2.091393e-01
7.316611e-01	2.367269e+02	2.057610e-01
7.361324e-01	2.312807e+02	2.028273e-01
7.406036e-01	2.260447e+02	2.001812e-01
7.450749e-01	2.205277e+02	1.971153e-01
7.495461e-01	2.156294e+02	1.940611e-01
7.540174e-01	2.106887e+02	1.910759e-01
7.584886e-01	2.059171e+02	1.885103e-01
7.629599e-01	2.012584e+02	1.860710e-01
7.674311e-01	1.968888e+02	1.833884e-01
7.719024e-01	1.928486e+02	1.807229e-01
7.763736e-01	1.880060e+02	1.777919e-01
7.808449e-01	1.843991e+02	1.757866e-01
7.853161e-01	1.800257e+02	1.733356e-01
7.897874e-01	1.765338e+02	1.710269e-01
7.942587e-01	1.728387e+02	1.685198e-01
7.987299e-01	1.689924e+02	1.661895e-01
8.032012e-01	1.654933e+02	1.641907e-01
8.076724e-01	1.619558e+02	1.620009e-01
8.121437e-01	1.587025e+02	1.597532e-01
8.166149e-01	1.553110e+02	1.574573e-01
8.210862e-01	1.520757e+02	1.554493e-01
8.255574e-01	1.490127e+02	1.535745e-01
8.300287e-01	1.460543e+02	1.516346e-01
8.344999e-01	1.429729e+02	1.495203e-01
8.389712e-01	1.399550e+02	1.474756e-01
8.434425e-01	1.372343e+02	1.457366e-01
8.479137e-01	1.343620e+02	1.454342e-01
8.523850e-01	1.314938e+02	1.448692e-01
8.568562e-01	1.286976e+02	1.437856e-01
8.613275e-01	1.261023e+02	1.426552e-01
8.657987e-01	1.239849e+02	1.417295e-01
8.702700e-01	1.214545e+02	1.404767e-01
8.747412e-01	1.188635e+02	1.391449e-01
8.792125e-01	1.167720e+02	1.380277e-01
8.836837e-01	1.144812e+02	1.366510e-01
8.881550e-01	1.123870e+02	1.354070e-01
8.926262e-01	1.100099e+02	1.340082e-01
8.970975e-01	1.081299e+02	1.329545e-01
9.015688e-01	1.057592e+02	1.314617e-01
9.060400e-01	1.037639e+02	1.301600e-01
9.105113e-01	1.019043e+02	1.289508e-01
9.149825e-01	9.991737e+01	1.277217e-01
9.194538e-01	9.781151e+01	1.263513e-01
9.239250e-01	9.661157e+01	1.243307e-01
9.283963e-01	9.447758e+01	1.213606e-01
9.328675e-01	9.303857e+01	1.196128e-01
9.373388e-01	9.139426e+01	1.178771e-01
9.418100e-01	8.972646e+01	1.162011e-01
9.462813e-01	8.806123e+01	1.151963e-01
9.507526e-01	8.662937e+01	1.152091e-01
9.552238e-01	8.505551e+01	1.145489e-01
9.596951e-01	8.384921e+01	1.139407e-01
9.641663e-01	8.255578e+01	1.131336e-01
9.686376e-01	8.135275e+01	1.122314e-01
9.731088e-01	8.011125e+01	1.111723e-01
9.775801e-01	7.876421e+01	1.100461e-01
9.820513e-01	7.725894e+01	1.088033e-01
9.865226e-01	7.614872e+01	1.079293e-01
9.909938e-01	7.480880e+01	1.069480e-01
9.954651e-01	7.347610e+01	1.059352e-01
9.999363e-01	7.251804e+01	1.052208e-01
1.004408e+00	7.119313e+01	1.041738e-01
1.008879e+00	7.010959e+01	1.033406e-01
1.013350e+00	6.881592e+01	1.022868e-01
1.017821e+00	6.757842e+01	1.012743e-01
1.022293e+00	6.667204e+01	1.005543e-01
1.026764e+00	6.540353e+01	9.952188e-02
1.031235e+00	6.454547e+01	9.883083e-02
1.035706e+00	6.367060e+01	9.805435e-02
1.040178e+00	6.254290e+01	9.706932e-02
1.044649e+00	6.152869e+01	9.622519e-02
1.049120e+00	6.042326e+01	9.530542e-02
1.053591e+00	5.942048e+01	9.445917e-02
1.058063e+00	5.845814e+01	9.356032e-02
1.062534e+00	5.749356e+01	9.268276e-02
1.067005e+00	5.647757e+01	9.180407e-02
1.071476e+00	5.573795e+01	9.119061e-02
1.075948e+00	5.471345e+01	9.024356e-02
1.080419e+00	5.384097e+01	8.939786e-02
1.084890e+00	5.306096e+01	8.868155e-02
1.089361e+00	5.219250e+01	8.787866e-02
1.093833e+00	5.148880e+01	8.724914e-02
1.098304e+00	5.056565e+01	8.633426e-02
1.102775e+00	4.988860e+01	8.563507e-02
1.107246e+00	4.918419e+01	8.496388e-02
1.111718e+00	4.845076e+01	8.431117e-02
1.116189e+00	4.758745e+01	8.349195e-02
1.120660e+00	4.717405e+01	8.301288e-02
1.125131e+00	4.643003e+01	8.220730e-02
1.129603e+00	4.556958e+01	8.140557e-02
1.134074e+00	4.491128e+01	8.182374e-02
1.138545e+00	4.415563e+01	8.192338e-02
1.143016e+00	4.369322e+01	8.195511e-02
1.147488e+00	4.300745e+01	8.154900e-02
1.151959e+00	4.246675e+01	8.117465e-02
1.156430e+00	4.188689e+01	8.024723e-02
1.160901e+00	4.131963e+01	7.871599e-02
1.165373e+00	4.058094e+01	7.749098e-02
1.169844e+00	3.994917e+01	7.661714e-02
1.174315e+00	3.953973e+01	7.622276e-02
1.178787e+00	3.904099e+01	7.575323e-02
1.183258e+00	3.855075e+01	7.525168e-02
1.187729e+00	3.808123e+01	7.464345e-02
1.192200e+00	3.740502e+01	7.381733e-02
1.196672e+00	3.699570e+01	7.338056e-02
1.201143e+00	3.632203e+01	7.259500e-02
1.205614e+00	3.583783e+01	7.195660e-02
1.210085e+00	3.524338e+01	7.117058e-02
1.214557e+00	3.484368e+01	7.069289e-02
1.219028e+00	3.447922e+01	7.028766e-02
1.223499e+00	3.395782e+01	6.965601e-02
1.227970e+00	3.348963e+01	6.905592e-02
1.232442e+00	3.306201e+01	6.848281e-02
1.236913e+00	3.261788e+01	6.796440e-02
1.241384e+00	3.215526e+01	6.741595e-02
1.245855e+00	3.179960e+01	6.693549e-02
1.250327e+00	3.138184e+01	6.637168e-02
1.254798e+00	3.104588e+01	6.593297e-02
1.259269e+00	3.069397e+01	6.553137e-02
1.263740e+00	3.015362e+01	6.486700e-02
1.268212e+00	2.988399e+01	6.442589e-02
1.272683e+00	2.957284e+01	6.392196e-02
1.277154e+00	2.913652e+01	6.332821e-02
1.281625e+00	2.875366e+01	6.282233e-02
1.286097e+00	2.832725e+01	6.224516e-02
1.290568e+00	2.793407e+01	6.166961e-02
1.295039e+00	2.773884e+01	6.133158e-02
1.299510e+00	2.730099e+01	6.073477e-02
1.303982e+00	2.699185e+01	6.049340e-02
1.308453e+00	2.667032e+01	6.081529e-02
1.312924e+00	2.638560e+01	6.082940e-02
1.317395e+00	2.611985e+01	6.082824e-02
1.321867e+00	2.560572e+01	6.050913e-02
1.326338e+00	2.526839e+01	6.035224e-02
1.330809e+00	2.500265e+01	6.021944e-02
1.335280e+00	2.474861e+01	6.006090e-02
1.339752e+00	2.440241e+01	5.979315e-02
1.344223e+00	2.426109e+01	5.984261e-02
1.348694e+00	2.385397e+01	5.943279e-02
1.353165e+00	2.367765e+01	5.931551e-02
1.357637e+00	2.318020e+01	5.876549e-02
1.362108e+00	2.309324e+01	5.883106e-02
1.366579e+00	2.277468e+01	5.851126e-02
1.371050e+00	2.256990e+01	5.835725e-02
1.375522e+00	2.226582e+01	5.801093e-02
1.379993e+00	2.203493e+01	5.783113e-02
1.384464e+00	2.177030e+01	5.759897e-02
1.388935e+00	2.145976e+01	5.725369e-02
1.393407e+00	2.128105e+01	5.709849e-02
1.397878e+00	2.103824e+01	5.679198e-02
1.402349e+00	2.079165e+01	5.652693e-02
1.406820e+00	2.055369e+01	5.627573e-02
1.411292e+00	2.039982e+01	5.616289e-02
1.415763e+00	2.017280e+01	5.592099e-02
1.420234e+00	1.984235e+01	5.544945e-02
1.424705e+00	1.972463e+01	5.532365e-02
1.429177e+00	1.946126e+01	5.494312e-02
1.433648e+00	1.932727e+01	5.477986e-02
1.438119e+00	1.902101e+01	5.435053e-02
1.442591e+00	1.884814e+01	5.416972e-02
1.447062e+00	1.874845e+01	5.410443e-02
1.451533e+00	1.847105e+01	5.369833e-02
1.456004e+00	1.830484e+01	5.349779e-02
1.460476e+00	1.809247e+01	5.327157e-02
1.464947e+00	1.785299e+01	5.297364e-02
1.469418e+00	1.768122e+01	5.279033e-02
1.473889e+00	1.750586e+01	5.260295e-02
1.478361e+00	1.731532e+01	5.240601e-02
1.482832e+00	1.723012e+01	5.240636e-02
1.487303e+00	1.697048e+01	5.207652e-02
1.491774e+00	1.670443e+01	5.164549e-02
1.496246e+00	1.656341e+01	5.143643e-02
1.500717e+00	1.651122e+01	5.144902e-02
1.505188e+00	1.631080e+01	5.122881e-02
1.509659e+00	1.606977e+01	5.083604e-02
1.514131e+00	1.596111e+01	5.065009e-02
1.518602e+00	1.576649e+01	5.037927e-02
1.523073e+00	1.571332e+01	5.039013e-02
1.527544e+00	1.550872e+01	5.010606e-02
1.532016e+00	1.520291e+01	4.957761e-02
1.536487e+00	1.508016e+01	4.935586e-02
1.540958e+00	1.500438e+01	4.930033e-02
1.545429e+00	1.481332e+01	4.909908e-02
1.549901e+00	1.458954e+01	4.873994e-02
1.554372e+00	1.452418e+01	4.860856e-02
1.558843e+00	1.436526e+01	4.833372e-02
1.563314e+00	1.416071e+01	4.805098e-02
1.567786e+00	1.396110e+01	4.777088e-02
1.572257e+00	1.385334e+01	4.761373e-02
1.576728e+00	1.362235e+01	4.718127e-02
1.581199e+00	1.348168e+01	4.694007e-02
1.585671e+00	1.347141e+01	4.701969e-02
1.590142e+00	1.333943e+01	4.684600e-02
1.594613e+00	1.311734e+01	4.640389e-02
1.599084e+00	1.309417e+01	4.637033e-02
1.603556e+00	1.301392e+01	4.626481e-02
1.608027e+00	1.288346e+01	4.609653e-02
1.612498e+00	1.289980e+01	4.616286e-02
1.616969e+00	1.278211e+01	4.592649e-02
1.621441e+00	1.258930e+01	4.551175e-02
1.625912e+00	1.243996e+01	4.521204e-02
1.630383e+00	1.232176e+01	4.502924e-02
1.634854e+00	1.216161e+01	4.470766e-02
1.639326e+00	1.210207e+01	4.454553e-02
1.643797e+00	1.200866e+01	4.435346e-02
1.648268e+00	1.176608e+01	4.390693e-02
1.652739e+00	1.170230e+01	4.380358e-02
1.657211e+00	1.158880e+01	4.354449e-02
1.661682e+00	1.142817e+01	4.316894e-02
1.666153e+00	1.132179e+01	4.295088e-02
1.670624e+00	1.121957e+01	4.275706e-02
1.675096e+00	1.117143e+01	4.265051e-02
1.679567e+00	1.111068e+01	4.248916e-02
1.684038e+00	1.099000e+01	4.222331e-02
1.688509e+00	1.095181e+01	4.216019e-02
1.692981e+00	1.081935e+01	4.187329e-02
1.697452e+00	1.066850e+01	4.153583e-02
1.701923e+00	1.058970e+01	4.138367e-02
1.706395e+00	1.051058e+01	4.122335e-02
1.710866e+00	1.037462e+01	4.090891e-02
1.715337e+00	1.032594e+01	4.080833e-02
1.719808e+00	1.025035e+01	4.063555e-02
1.724280e+00	1.014965e+01	4.039400e-02
1.728751e+00	9.987742e+00	3.999665e-02
1.733222e+00	9.881761e+00	3.974081e-02
1.737693e+00	9.738362e+00	3.939128e-02
1.742165e+00	9.719211e+00	3.933207e-02
1.746636e+00	9.586778e+00	3.902673e-02
1.751107e+00	9.522163e+00	3.890118e-02
1.755578e+00	9.382759e+00	3.856449e-02
1.760050e+00	9.291911e+00	3.835709e-02
1.764521e+00	9.177880e+00	3.812867e-02
1.768992e+00	9.047648e+00	3.783387e-02
1.773463e+00	9.068793e+00	3.787828e-02
1.777935e+00	8.890615e+00	3.742168e-02
1.782406e+00	8.893778e+00	3.743817e-02
1.786877e+00	8.790941e+00	3.723576e-02
1.791348e+00	8.748502e+00	3.712975e-02
1.795820e+00	8.604645e+00	3.673995e-02
1.800291e+00	8.535055e+00	3.654801e-02
1.804762e+00	8.496244e+00	3.646400e-02
1.809233e+00	8.392373e+00	3.625416e-02
1.813705e+00	8.310987e+00	3.607443e-02
1.818176e+00	8.228776e+00	3.586457e-02
1.822647e+00	8.139789e+00	3.563073e-02
1.827118e+00	8.113687e+00	3.556074e-02
1.831590e+00	8.060368e+00	3.544623e-02
1.836061e+00	8.016001e+00	3.529821e-02
1.840532e+00	7.891803e+00	3.497026e-02
1.845003e+00	7.780128e+00	3.472042e-02
1.849475e+00	7.697993e+00	3.456791e-02
1.853946e+00	7.728832e+00	3.464029e-02
1.858417e+00	7.674216e+00	3.445781e-02
1.862888e+00	7.572417e+00	3.419775e-02
1.867360e+00	7.490555e+00	3.400545e-02
1.871831e+00	7.414305e+00	3.386240e-02
1.876302e+00	7.342528e+00	3.366941e-02
1.880773e+00	7.291889e+00	3.349999e-02
1.885245e+00	7.285535e+00	3.344169e-02
1.889716e+00	7.229250e+00	3.329805e-02
1.894187e+00	7.180151e+00	3.319835e-02
1.898658e+00	7.084807e+00	3.294406e-02
1.903130e+00	7.038352e+00	3.278272e-02
1.907601e+00	6.983844e+00	3.264084e-02
1.912072e+00	6.912038e+00	3.251049e-02
1.916543e+00	6.876454e+00	3.240590e-02
1.921015e+00	6.839884e+00	3.227081e-02
1.925486e+00	6.774178e+00	3.207978e-02
1.929957e+00	6.708246e+00	3.190584e-02
1.934428e+00	6.678922e+00	3.183400e-02
1.938900e+00	6.633673e+00	3.171523e-02
1.943371e+00	6.555620e+00	3.150492e-02
1.947842e+00	6.529813e+00	3.142122e-02
1.952313e+00	6.533147e+00	3.145290e-02
1.956785e+00	6.408532e+00	3.169114e-02
1.961256e+00	6.318108e+00	3.190641e-02
1.965727e+00	6.254686e+00	3.201639e-02
1.970199e+00	6.185785e+00	3.204211e-02
1.974670e+00	6.143726e+00	3.215578e-02
1.979141e+00	6.132820e+00	3.232152e-02
1.983612e+00	6.023136e+00	3.217869e-02
1.988084e+00	5.964168e+00	3.220847e-02
1.992555e+00	5.951940e+00	3.233629e-02
1.997026e+00	5.852280e+00	3.214062e-02
2.001497e+00	5.870567e+00	3.236962e-02
2.005969e+00	5.727891e+00	3.211438e-02
2.010440e+00	5.691377e+00	3.216754e-02
2.014911e+00	5.729997e+00	3.239107e-02
2.019382e+00	5.613955e+00	3.212739e-02
2.023854e+00	5.627162e+00	3.231388e-02
2.028325e+00	5.560412e+00	3.224735e-02
2.032796e+00	5.572861e+00	3.179024e-02
2.037267e+00	5.512004e+00	3.112705e-02
2.041739e+00	5.465679e+00	3.071486e-02
2.046210e+00	5.476596e+00	3.055103e-02
2.050681e+00	5.456382e+00	3.040524e-02
2.055152e+00	5.395315e+00	3.015259e-02
2.059624e+00	5.309002e+00	2.977424e-02
2.064095e+00	5.306859e+00	2.966003e-02
2.068566e+00	5.257552e+00	2.943694e-02
2.073037e+00	5.243543e+00	2.935584e-02
2.077509e+00	5.211125e+00	2.920043e-02
2.081980e+00	5.163280e+00	2.895577e-02
2.086451e+00	5.098604e+00	2.873420e-02
2.090922e+00	5.099065e+00	2.872622e-02
2.095394e+00	5.072430e+00	2.859307e-02
2.099865e+00	5.045864e+00	2.845112e-02
2.104336e+00	5.024313e+00	2.830940e-02
2.108807e+00	4.958456e+00	2.811167e-02
2.113279e+00	4.942690e+00	2.805429e-02
2.117750e+00	4.849058e+00	2.772932e-02
2.122221e+00	4.869066e+00	2.775687e-02
2.126692e+00	4.809350e+00	2.751996e-02
2.131164e+00	4.760340e+00	2.735777e-02
2.135635e+00	4.745539e+00	2.728331e-02
2.140106e+00	4.747775e+00	2.728133e-02
2.144577e+00	4.705539e+00	2.711444e-02
2.149049e+00	4.641895e+00	2.686971e-02
2.153520e+00	4.654184e+00	2.692575e-02
2.157991e+00	4.603477e+00	2.676747e-02
2.162462e+00	4.585780e+00	2.666438e-02
2.166934e+00	4.516482e+00	2.638995e-02
2.171405e+00	4.519764e+00	2.634409e-02
2.175876e+00	4.481049e+00	2.616413e-02
2.180347e+00	4.449350e+00	2.603395e-02
2.184819e+00	4.461698e+00	2.604799e-02
2.189290e+00	4.402063e+00	2.582904e-02
2.193761e+00	4.381009e+00	2.570036e-02
2.198232e+00	4.386801e+00	2.566805e-02
2.202704e+00	4.309524e+00	2.537898e-02
2.207175e+00	4.315545e+00	2.537365e-02
2.211646e+00	4.269319e+00	2.519374e-02
2.216117e+00	4.254593e+00	2.510339e-02
2.220589e+00	4.192163e+00	2.483053e-02
2.225060e+00	4.196172e+00	2.479985e-02
2.229531e+00	4.209223e+00	2.483667e-02
2.234003e+00	4.163546e+00	2.468748e-02
2.238474e+00	4.118659e+00	2.449238e-02
2.242945e+00	4.131830e+00	2.450310e-02
2.247416e+00	4.091581e+00	2.440034e-02
2.251888e+00	4.085719e+00	2.444429e-02
2.256359e+00	4.070556e+00	2.434668e-02
2.260830e+00	4.021116e+00	2.414019e-02
2.265301e+00	3.970934e+00	2.395357e-02
2.269773e+00	3.925358e+00	2.379715e-02
2.274244e+00	3.914566e+00	2.374231e-02
2.278715e+00	3.928421e+00	2.379812e-02
2.283186e+00	3.867846e+00	2.354680e-02
2.287658e+00	3.894905e+00	2.364085e-02
2.292129e+00	3.866014e+00	2.356008e-02
2.296600e+00	3.802793e+00	2.331661e-02
2.301071e+00	3.785017e+00	2.324876e-02
2.305543e+00	3.795682e+00	2.328436e-02
2.310014e+00	3.758252e+00	2.315445e-02
2.314485e+00	3.716560e+00	2.303619e-02
2.318956e+00	3.698640e+00	2.296871e-02
2.323428e+00	3.665144e+00	2.281131e-02
2.327899e+00	3.682853e+00	2.285953e-02
2.332370e+00	3.627487e+00	2.266667e-02
2.336841e+00	3.657022e+00	2.277223e-02
2.341313e+00	3.631012e+00	2.269742e-02
2.345784e+00	3.620629e+00	2.269566e-02
2.350255e+00	3.563961e+00	2.251145e-02
2.354726e+00	3.553585e+00	2.245486e-02
2.359198e+00	3.517564e+00	2.230242e-02
2.363669e+00	3.449534e+00	2.209006e-02
2.368140e+00	3.449817e+00	2.213565e-02
2.372611e+00	3.458682e+00	2.213523e-02
2.377083e+00	3.458431e+00	2.210129e-02
2.381554e+00	3.382271e+00	2.185022e-02
2.386025e+00	3.392432e+00	2.189250e-02
2.390496e+00	3.397430e+00	2.189362e-02
2.394968e+00	3.338614e+00	2.165586e-02
2.399439e+00	3.320648e+00	2.157524e-02
2.403910e+00	3.344302e+00	2.166835e-02
2.408381e+00	3.317238e+00	2.159915e-02
2.412853e+00	3.320676e+00	2.160514e-02
2.417324e+00	3.279656e+00	2.145300e-02
2.421795e+00	3.210653e+00	2.120513e-02
2.426266e+00	3.207771e+00	2.120190e-02
2.430738e+00	3.209567e+00	2.120674e-02
2.435209e+00	3.211176e+00	2.119505e-02
2.439680e+00	3.170612e+00	2.100044e-02
2.444151e+00	3.138760e+00	2.089974e-02
2.448623e+00	3.092034e+00	2.079366e-02
2.453094e+00	3.120868e+00	2.086664e-02
2.457565e+00	3.128200e+00	2.086761e-02
2.462036e+00	3.078872e+00	2.068673e-02
2.466508e+00	3.047576e+00	2.057665e-02
2.470979e+00	3.071828e+00	2.067785e-02
2.475450e+00	3.026633e+00	2.051532e-02
2.479921e+00	3.032997e+00	2.054927e-02
2.484393e+00	2.962006e+00	2.028274e-02
2.488864e+00	2.982000e+00	2.032032e-02
2.493335e+00	2.992373e+00	2.036710e-02
2.497807e+00	2.946295e+00	2.019446e-02
2.502278e+00	2.947997e+00	2.019198e-02
2.506749e+00	2.919653e+00	2.009771e-02
2.511220e+00	2.908795e+00	2.006406e-02
2.515692e+00	2.906671e+00	2.001088e-02
2.520163e+00	2.917818e+00	2.003537e-02
2.524634e+00	2.901869e+00	2.001752e-02
2.529105e+00	2.835117e+00	1.977060e-02
2.533577e+00	2.855222e+00	1.979500e-02
2.538048e+00	2.820522e+00	1.967066e-02
2.542519e+00	2.844393e+00	1.976536e-02
2.546990e+00	2.832546e+00	1.972667e-02
2.551462e+00	2.772383e+00	1.949302e-02
2.555933e+00	2.754322e+00	1.941269e-02
2.560404e+00	2.781509e+00	1.951095e-02
2.564875e+00	2.742699e+00	1.940164e-02
2.569347e+00	2.707537e+00	1.925833e-02
2.573818e+00	2.717966e+00	1.926860e-02
2.578289e+00	2.690936e+00	1.913822e-02
2.582760e+00	2.690631e+00	1.916575e-02
2.587232e+00	2.668396e+00	1.912044e-02
2.591703e+00	2.661829e+00	1.907440e-02
2.596174e+00	2.687752e+00	1.912024e-02
2.600645e+00	2.644865e+00	1.897432e-02
2.605117e+00	2.626910e+00	1.889363e-02
2.609588e+00	2.609556e+00	1.884542e-02
2.614059e+00	2.580172e+00	1.874982e-02
2.618530e+00	2.612122e+00	1.879703e-02
2.623002e+00	2.600442e+00	1.878515e-02
2.627473e+00	2.513369e+00	1.848941e-02
2.631944e+00	2.581320e+00	1.871847e-02
2.636415e+00	2.549447e+00	1.858889e-02
2.640887e+00	2.535735e+00	1.852364e-02
2.645358e+00	2.522359e+00	1.847770e-02
2.649829e+00	2.510512e+00	1.843901e-02
2.654300e+00	2.497270e+00	1.838160e-02
2.658772e+00	2.491539e+00	1.836206e-02
2.663243e+00	2.493404e+00	1.838640e-02
2.667714e+00	2.422329e+00	1.810349e-02
2.672185e+00	2.429494e+00	1.811018e-02
2.676657e+00	2.427975e+00	1.810598e-02
2.681128e+00	2.452034e+00	1.817774e-02
2.685599e+00	2.411014e+00	1.802626e-02
2.690070e+00	2.363801e+00	1.788178e-02
2.694542e+00	2.397090e+00	1.797487e-02
2.699013e+00	2.367185e+00	1.786809e-02
2.703484e+00	2.366993e+00	1.786852e-02
2.707955e+00	2.348946e+00	1.777057e-02
2.712427e+00	2.369880e+00	1.782719e-02
2.716898e+00	2.322320e+00	1.763968e-02
2.721369e+00	2.305791e+00	1.764110e-02
2.725840e+00	2.285254e+00	1.752587e-02
2.730312e+00	2.304176e+00	1.758046e-02
2.734783e+00	2.283133e+00	1.747075e-02
2.739254e+00	2.306194e+00	1.754128e-02
2.743725e+00	2.289857e+00	1.751615e-02
2.748197e+00	2.273717e+00	1.744590e-02
2.752668e+00	2.249017e+00	1.734643e-02
2.757139e+00	2.232199e+00	1.727766e-02
2.761611e+00	2.244487e+00	1.734298e-02
2.766082e+00	2.236264e+00	1.730376e-02
2.770553e+00	2.233863e+00	1.727347e-02
2.775024e+00	2.199610e+00	1.713955e-02
2.779496e+00	2.200953e+00	1.715556e-02
2.783967e+00	2.187726e+00	1.708950e-02
2.788438e+00	2.209332e+00	1.716065e-02
2.792909e+00	2.211312e+00	1.714997e-02
2.797381e+00	2.171315e+00	1.703826e-02
2.801852e+00	2.141627e+00	1.691403e-02
2.806323e+00	2.181198e+00	1.704253e-02
2.810794e+00	2.152811e+00	1.692874e-02
2.815266e+00	2.121066e+00	1.682093e-02
2.819737e+00	2.112040e+00	1.679203e-02
2.824208e+00	2.095213e+00	1.669664e-02
2.828679e+00	2.095890e+00	1.670533e-02
2.833151e+00	2.061905e+00	1.657665e-02
2.837622e+00	2.089921e+00	1.666906e-02
2.842093e+00	2.076753e+00	1.661102e-02
2.846564e+00	2.066167e+00	1.659507e-02
2.851036e+00	2.080247e+00	1.664466e-02
2.855507e+00	2.053876e+00	1.652868e-02
2.859978e+00	2.046014e+00	1.648000e-02
2.864449e+00	2.037608e+00	1.645051e-02
2.868921e+00	2.045075e+00	1.647620e-02
2.873392e+00	2.024585e+00	1.639629e-02
2.877863e+00	2.032873e+00	1.642788e-02
2.882334e+00	2.019129e+00	1.638335e-02
2.886806e+00	1.998108e+00	1.629904e-02
2.891277e+00	1.973364e+00	1.615709e-02
2.895748e+00	1.968076e+00	1.615484e-02
2.900219e+00	1.986321e+00	1.623715e-02
2.904691e+00	1.954107e+00	1.608316e-02
2.909162e+00	1.980592e+00	1.616925e-02
2.913633e+00	1.958956e+00	1.612174e-02
2.918104e+00	1.958305e+00	1.609409e-02
2.922576e+00	1.947401e+00	1.602216e-02
2.927047e+00	1.939301e+00	1.598920e-02
2.931518e+00	1.933946e+00	1.594383e-02
2.935989e+00	1.940070e+00	1.603844e-02
2.940461e+00	1.898945e+00	1.582583e-02
2.944932e+00	1.905400e+00	1.584774e-02
2.949403e+00	1.894924e+00	1.582626e-02
2.953874e+00	1.898114e+00	1.584242e-02
2.958346e+00	1.897006e+00	1.583406e-02
2.962817e+00	1.861091e+00	1.569763e-02
2.967288e+00	1.858641e+00	1.567330e-02
2.971759e+00	1.842288e+00	1.561178e-02
2.976231e+00	1.883057e+00	1.577084e-02
2.980702e+00	1.823816e+00	1.556015e-02
2.985173e+00	1.800948e+00	1.545413e-02
2.989644e+00	1.846640e+00	1.562819e-02
2.994116e+00	1.839872e+00	1.559502e-02
2.998587e+00	1.815037e+00	1.548582e-02
3.003058e+00	1.797225e+00	1.538278e-02
3.007529e+00	1.791083e+00	1.537442e-02
3.012001e+00	1.804644e+00	1.542649e-02
3.016472e+00	1.798127e+00	1.543061e-02
3.020943e+00	1.803485e+00	1.539918e-02
3.025415e+00	1.783726e+00	1.529161e-02
3.029886e+00	1.812422e+00	1.541770e-02
3.034357e+00	1.789835e+00	1.531642e-02
3.038828e+00	1.763136e+00	1.525196e-02
3.043300e+00	1.736793e+00	1.514379e-02
3.047771e+00	1.764006e+00	1.523478e-02
3.052242e+00	1.777058e+00	1.528307e-02
3.056713e+00	1.757526e+00	1.523081e-02
3.061185e+00	1.754964e+00	1.547154e-02
3.065656e+00	1.696913e+00	1.545146e-02
3.070127e+00	1.690271e+00	1.559859e-02
3.074598e+00	1.680980e+00	1.571549e-02
3.079070e+00	1.656412e+00	1.574001e-02
3.083541e+00	1.632913e+00	1.572625e-02
3.088012e+00	1.633144e+00	1.580145e-02
3.092483e+00	1.632852e+00	1.587981e-02
3.096955e+00	1.619863e+00	1.586009e-02
3.101426e+00	1.602493e+00	1.587920e-02
3.105897e+00	1.623731e+00	1.608359e-02
3.110368e+00	1.587982e+00	1.598606e-02
3.114840e+00	1.574434e+00	1.596891e-02
3.119311e+00	1.581416e+00	1.604877e-02
3.123782e+00	1.577616e+00	1.612831e-02
3.128253e+00	1.555928e+00	1.608793e-02
3.132725e+00	1.555584e+00	1.610800e-02
3.137196e+00	1.544962e+00	1.613895e-02
3.141667e+00	1.519709e+00	1.610520e-02
3.146138e+00	1.517491e+00	1.614168e-02
3.150610e+00	1.503040e+00	1.612948e-02
3.155081e+00	1.505764e+00	1.620908e-02
3.159552e+00	1.494084e+00	1.619275e-02
3.164023e+00	1.492831e+00	1.620671e-02
3.168495e+00	1.464669e+00	1.620675e-02
3.172966e+00	1.462860e+00	1.621499e-02
3.177437e+00	1.481573e+00	1.630773e-02
3.181908e+00	1.463459e+00	1.630674e-02
3.186380e+00	1.476481e+00	1.640956e-02
3.190851e+00	1.443742e+00	1.629370e-02
3.195322e+00	1.438528e+00	1.635231e-02
3.199793e+00	1.447732e+00	1.635706e-02
3.204265e+00	1.437001e+00	1.632512e-02
3.208736e+00	1.423445e+00	1.626289e-02
3.213207e+00	1.397722e+00	1.622749e-02
3.217678e+00	1.440222e+00	1.641309e-02
3.222150e+00	1.415434e+00	1.632702e-02
3.226621e+00	1.402488e+00	1.626863e-02
3.231092e+00	1.380644e+00	1.618292e-02
3.235563e+00	1.363351e+00	1.620295e-02
3.240035e+00	1.375244e+00	1.625269e-02
3.244506e+00	1.372206e+00	1.635906e-02
3.248977e+00	1.398781e+00	1.691258e-02
3.253448e+00	1.412960e+00	1.711037e-02
3.257920e+00	1.408821e+00	1.729036e-02
3.262391e+00	1.433890e+00	1.758605e-02
3.266862e+00	1.444859e+00	1.773248e-02
3.271333e+00	1.459688e+00	1.797976e-02
3.275805e+00	1.487202e+00	1.822735e-02
3.280276e+00	1.472981e+00	1.826185e-02
3.284747e+00	1.519179e+00	1.863288e-02
3.289218e+00	1.517178e+00	1.874705e-02
3.293690e+00	1.513364e+00	1.891290e-02
3.298161e+00	1.492445e+00	1.893144e-02
3.302632e+00	1.537846e+00	1.926316e-02
3.307104e+00	1.513656e+00	1.925188e-02
3.311575e+00	1.525505e+00	1.944408e-02
3.316046e+00	1.520937e+00	1.952467e-02
3.320517e+00	1.489490e+00	1.956173e-02
3.324989e+00	1.543001e+00	1.993858e-02
3.329460e+00	1.547375e+00	2.007730e-02
3.333931e+00	1.544480e+00	2.013259e-02
3.338402e+00	1.562740e+00	2.038411e-02
3.342874e+00	1.521750e+00	2.028329e-02
3.347345e+00	1.515363e+00	2.043986e-02
3.351816e+00	1.529599e+00	2.063876e-02
3.356287e+00	1.563584e+00	2.083284e-02
3.360759e+00	1.537324e+00	2.082201e-02
3.365230e+00	1.500348e+00	2.076471e-02
3.369701e+00	1.568184e+00	2.118168e-02
3.374172e+00	1.536507e+00	2.104935e-02
3.378644e+00	1.555737e+00	2.125075e-02
3.383115e+00	1.529050e+00	2.120346e-02
3.387586e+00	1.544453e+00	2.143566e-02
3.392057e+00	1.519423e+00	2.131054e-02
3.396529e+00	1.520155e+00	2.150625e-02
3.401000e+00	1.515912e+00	2.160098e-02
3.405471e+00	1.560559e+00	2.193111e-02
3.409942e+00	1.525070e+00	2.188402e-02
3.414414e+00	1.548603e+00	2.226407e-02
3.418885e+00	1.555374e+00	2.231092e-02
3.423356e+00	1.543514e+00	2.240057e-02
3.427827e+00	1.539210e+00	2.244862e-02
3.432299e+00	1.560966e+00	2.279806e-02
3.436770e+00	1.542316e+00	2.278162e-02
3.441241e+00	1.557435e+00	2.294486e-02
3.445712e+00	1.593100e+00	2.337088e-02
3.450184e+00	1.559914e+00	2.327362e-02
3.454655e+00	1.585622e+00	2.359197e-02
3.459126e+00	1.562927e+00	2.353165e-02
3.463597e+00	1.585516e+00	2.380906e-02
3.468069e+00	1.590610e+00	2.401895e-02
3.472540e+00	1.599702e+00	2.419199e-02
3.477011e+00	1.620588e+00	2.449659e-02
3.481482e+00	1.596496e+00	2.447151e-02
3.485954e+00	1.591096e+00	2.462929e-02
3.490425e+00	1.602146e+00	2.471118e-02
3.494896e+00	1.623108e+00	2.502709e-02
3.499367e+00	1.605352e+00	2.505196e-02
3.503839e+00	1.615120e+00	2.529400e-02
3.508310e+00	1.545421e+00	2.487699e-02
3.512781e+00	1.628673e+00	2.541078e-02
3.517252e+00	1.621716e+00	2.544967e-02
3.521724e+00	1.592345e+00	2.549091e-02
3.526195e+00	1.530852e+00	2.505697e-02
3.530666e+00	1.615633e+00	2.572986e-02
3.535137e+00	1.592947e+00	2.569291e-02
3.539609e+00	1.589788e+00	2.576040e-02
3.544080e+00	1.586347e+00	2.577815e-02
3.548551e+00	1.628464e+00	2.622116e-02
3.553022e+00	1.599685e+00	2.612870e-02
3.557494e+00	1.568862e+00	2.595779e-02
3.561965e+00	1.533520e+00	2.582580e-02
3.566436e+00	1.572729e+00	2.615994e-02
3.570908e+00	1.582363e+00	2.636054e-02
3.575379e+00	1.541898e+00	2.618817e-02
3.579850e+00	1.552601e+00	2.637122e-02
3.584321e+00	1.534988e+00	2.627138e-02
3.588793e+00	1.576463e+00	2.676833e-02
3.593264e+00	1.552359e+00	2.660257e-02
3.597735e+00	1.517718e+00	2.649828e-02
3.602206e+00	1.526431e+00	2.662703e-02
3.606678e+00	1.528136e+00	2.668293e-02
3.611149e+00	1.508510e+00	2.672251e-02
3.615620e+00	1.508334e+00	2.680757e-02
3.620091e+00	1.536124e+00	2.702634e-02
3.624563e+00	1.547874e+00	2.731226e-02
3.629034e+00	1.499669e+00	2.703493e-02
3.633505e+00	1.486647e+00	2.691654e-02
3.637976e+00	1.521145e+00	2.738694e-02
3.642448e+00	1.516754e+00	2.735147e-02
3.646919e+00	1.462343e+00	2.712003e-02
3.651390e+00	1.495964e+00	2.739026e-02
3.655861e+00	1.520457e+00	2.782069e-02
3.660333e+00	1.416831e+00	2.730667e-02
3.664804e+00	1.505142e+00	2.783313e-02
3.669275e+00	1.480690e+00	2.769903e-02
3.673746e+00	1.497698e+00	2.814900e-02
3.678218e+00	1.486710e+00	2.814290e-02
3.682689e+00	1.493451e+00	2.819550e-02
3.687160e+00	1.458367e+00	2.817470e-02
3.691631e+00	1.466716e+00	2.844300e-02
3.696103e+00	1.416764e+00	2.800802e-02
3.700574e+00	1.502323e+00	2.873012e-02
3.705045e+00	1.466250e+00	2.854147e-02
3.709516e+00	1.491754e+00	2.879011e-02
3.713988e+00	1.476475e+00	2.882243e-02
3.718459e+00	1.476185e+00	2.909974e-02
3.722930e+00	1.481678e+00	2.907282e-02
3.727401e+00	1.465182e+00	2.911237e-02
3.731873e+00	1.440335e+00	2.926125e-02
3.736344e+00	1.434356e+00	2.914849e-02
3.740815e+00	1.475188e+00	2.953265e-02
3.745286e+00	1.463426e+00	2.965730e-02
3.749758e+00	1.440926e+00	2.940077e-02
3.754229e+00	1.471996e+00	2.989779e-02
3.758700e+00	1.481515e+00	3.013948e-02
3.763171e+00	1.450522e+00	2.993755e-02
3.767643e+00	1.370522e+00	2.943993e-02
3.772114e+00	1.462396e+00	3.030598e-02
3.776585e+00	1.435636e+00	3.027355e-02
3.781056e+00	1.436720e+00	3.047597e-02
3.785528e+00	1.417884e+00	3.040750e-02
3.789999e+00	1.374488e+00	3.011399e-02
3.794470e+00	1.421638e+00	3.064903e-02
3.798941e+00	1.384708e+00	3.022908e-02
3.803413e+00	1.416306e+00	3.057025e-02
3.807884e+00	1.421758e+00	3.063192e-02
3.812355e+00	1.353856e+00	3.023458e-02
3.816826e+00	1.381252e+00	3.040453e-02
3.821298e+00	1.400661e+00	3.046916e-02
3.825769e+00	1.365365e+00	3.030449e-02
3.830240e+00	1.384390e+00	3.055772e-02
3.834712e+00	1.375402e+00	3.045293e-02
3.839183e+00	1.391787e+00	3.065640e-02
3.843654e+00	1.353795e+00	3.052823e-02
3.848125e+00	1.382649e+00	3.093158e-02
3.852597e+00	1.354771e+00	3.091441e-02
3.857068e+00	1.378823e+00	3.105770e-02
3.861539e+00	1.354446e+00	3.105536e-02
3.866010e+00	1.357483e+00	3.122125e-02
3.870482e+00	1.325773e+00	3.108353e-02
3.874953e+00	1.400234e+00	3.182610e-02
3.879424e+00	1.369046e+00	3.167492e-02
3.883895e+00	1.344134e+00	3.172576e-02
3.888367e+00	1.355822e+00	3.179721e-02
3.892838e+00	1.362373e+00	3.214468e-02
3.897309e+00	1.326034e+00	3.172411e-02
3.901780e+00	1.343331e+00	3.193869e-02
3.906252e+00	1.408043e+00	3.286503e-02
3.910723e+00	1.384850e+00	3.268335e-02
3.915194e+00	1.348810e+00	3.256026e-02
3.919665e+00	1.335790e+00	3.274819e-02
3.924137e+00	1.386564e+00	3.323499e-02
3.928608e+00	1.344928e+00	3.305150e-02
3.933079e+00	1.343892e+00	3.324305e-02
3.937550e+00	1.309277e+00	3.322215e-02
3.942022e+00	1.329976e+00	3.335604e-02
3.946493e+00	1.354712e+00	3.376664e-02
3.950964e+00	1.276100e+00	3.314987e-02
3.955435e+00	1.300480e+00	3.348316e-02
3.959907e+00	1.354214e+00	3.417591e-02
3.964378e+00	1.326520e+00	3.417259e-02
3.968849e+00	1.286878e+00	3.410662e-02
3.973320e+00	1.377605e+00	3.493170e-02
3.977792e+00	1.316567e+00	3.459632e-02
3.982263e+00	1.233801e+00	3.404078e-02
3.986734e+00	1.284193e+00	3.473128e-02
3.991205e+00	1.274516e+00	3.482097e-02
3.995677e+00	1.296998e+00	3.493414e-02
4.000148e+00	1.255297e+00	3.490420e-02
4.004619e+00	1.295476e+00	3.574158e-02
4.009090e+00	1.267645e+00	3.560040e-02
4.013562e+00	1.214926e+00	3.526148e-02
4.018033e+00	1.271254e+00	3.606341e-02
4.022504e+00	1.268515e+00	3.613993e-02
4.026975e+00	1.274597e+00	3.640159e-02
4.031447e+00	1.264193e+00	3.641381e-02
4.035918e+00	1.209454e+00	3.633653e-02
4.040389e+00	1.201125e+00	3.631586e-02
4.044860e+00	1.242444e+00	3.691813e-02
4.049332e+00	1.189561e+00	3.652135e-02
4.053803e+00	1.228197e+00	3.718597e-02
4.058274e+00	1.246922e+00	3.741316e-02
4.062745e+00	1.194242e+00	3.736506e-02
4.067217e+00	1.264304e+00	3.825629e-02
4.071688e+00	1.212590e+00	3.782528e-02
4.076159e+00	1.212991e+00	3.805677e-02
4.080630e+00	1.181650e+00	3.816438e-02
4.085102e+00	1.250987e+00	3.912675e-02
4.089573e+00	1.142604e+00	3.841577e-02
4.094044e+00	1.207362e+00	3.913400e-02
4.098516e+00	1.199389e+00	3.908606e-02
4.102987e+00	1.164624e+00	3.916471e-02
4.107458e+00	1.152676e+00	3.935675e-02
4.111929e+00	1.177148e+00	3.992700e-02
4.116401e+00	1.168255e+00	3.993232e-02
4.120872e+00	1.204224e+00	4.074551e-02
4.125343e+00	1.198059e+00	4.086718e-02
4.129814e+00	1.166282e+00	4.106594e-02
4.134286e+00	1.136128e+00	4.098325e-02
4.138757e+00	1.075838e+00	4.074732e-02
4.143228e+00	1.093464e+00	4.113320e-02
4.147699e+00	1.135854e+00	4.202237e-02
4.152171e+00	1.116812e+00	4.214029e-02
4.156642e+00	1.068115e+00	4.198694e-02
4.161113e+00	1.140573e+00	4.275945e-02
4.165584e+00	1.034556e+00	4.221648e-02
4.170056e+00	1.098525e+00	4.275085e-02
4.174527e+00	1.121621e+00	4.316718e-02
4.178998e+00	1.072022e+00	4.317839e-02
4.183469e+00	1.094597e+00	4.419685e-02
4.187941e+00	1.094012e+00	4.429589e-02
4.192412e+00	1.035672e+00	4.417087e-02
4.196883e+00	1.044003e+00	4.447100e-02
4.201354e+00	1.020074e+00	4.499937e-02
4.205826e+00	1.029361e+00	4.565620e-02
4.210297e+00	1.060388e+00	4.581748e-02
4.214768e+00	1.009476e+00	4.591136e-02
4.219239e+00	1.023201e+00	4.617037e-02
4.223711e+00	1.038478e+00	4.683505e-02
4.228182e+00	9.990382e-01	4.742580e-02
4.232653e+00	9.887918e-01	4.726723e-02
4.237124e+00	9.816970e-01	4.755773e-02
4.241596e+00	9.812483e-01	4.840488e-02
4.246067e+00	1.001545e+00	4.872592e-02
4.250538e+00	9.264468e-01	4.809056e-02
4.255009e+00	9.550115e-01	4.959996e-02
4.259481e+00	9.621333e-01	5.049540e-02
4.263952e+00	8.855617e-01	5.004111e-02
4.268423e+00	8.504899e-01	4.984443e-02
4.272894e+00	8.340737e-01	5.013141e-02
4.277366e+00	8.918190e-01	5.139435e-02
4.281837e+00	8.552044e-01	5.211935e-02
4.286308e+00	8.809671e-01	5.279000e-02
4.290779e+00	7.565742e-01	5.175916e-02
4.295251e+00	8.630510e-01	5.366970e-02
4.299722e+00	7.641714e-01	5.350341e-02
4.304193e+00	8.277594e-01	5.561091e-02
4.308664e+00	7.989646e-01	5.529772e-02
4.313136e+00	8.204728e-01	5.552781e-02
4.317607e+00	7.305114e-01	5.484026e-02
4.322078e+00	7.711427e-01	5.718428e-02
4.326549e+00	7.630588e-01	5.793396e-02
4.331021e+00	8.229534e-01	5.976080e-02
4.335492e+00	7.738871e-01	6.019535e-02
4.339963e+00	7.591153e-01	6.105296e-02
4.344434e+00	6.521009e-01	6.052487e-02
4.348906e+00	7.434106e-01	6.311402e-02
4.353377e+00	7.216376e-01	6.303558e-02
4.357848e+00	7.624723e-01	6.500310e-02
4.362320e+00	8.561295e-01	6.810914e-02
4.366791e+00	7.107811e-01	6.729844e-02
4.371262e+00	7.587553e-01	7.119690e-02
4.375733e+00	7.093253e-01	7.172331e-02
4.380205e+00	8.130351e-01	7.374855e-02
4.384676e+00	7.509738e-01	7.367995e-02
4.389147e+00	7.926983e-01	7.597041e-02
4.393618e+00	7.322294e-01	8.013535e-02
4.398090e+00	6.464670e-01	7.793994e-02
4.402561e+00	7.947003e-01	8.479147e-02
4.407032e+00	7.646698e-01	8.824389e-02
4.411503e+00	7.167064e-01	8.902260e-02
4.415975e+00	8.428953e-01	9.625658e-02
4.420446e+00	7.852127e-01	9.803580e-02
4.424917e+00	7.743807e-01	1.033839e-01
4.429388e+00	7.681142e-01	1.079758e-01
4.433860e+00	7.787589e-01	1.144146e-01
4.438331e+00	7.979162e-01	1.185413e-01
4.442802e+00	6.232589e-01	1.254475e-01
4.447273e+00	6.366743e-01	1.384859e-01
4.451745e+00	7.759939e-01	1.605387e-01
4.456216e+00	7.740480e-01	1.784506e-01
4.460687e+00	5.415480e-01	2.006506e-01
4.465158e+00	7.001296e-01	2.604237e-01
4.469630e+00	1.049802e+00	4.585606e-01
