# PyFAI 1D azimuthal integration
# Input file: E:/Sample2/CK2-0.3s-insuit-006-300-to-700/CK2-0.3s-insuit-006-300-to-700_saxs/series_1410_data_000001.h5
# Dataset: /entry/data/data
# Timestamp: Thu Apr 23 16:34:33 2026
# Radial	Intensity	Sigma
2.846662e-03	2.041546e+02	3.014935e+00
7.317916e-03	2.036824e+02	1.870784e+00
1.178917e-02	2.073930e+02	1.494493e+00
1.626042e-02	2.147816e+02	1.296246e+00
2.073168e-02	2.220499e+02	1.165676e+00
2.520293e-02	2.247899e+02	1.060662e+00
2.967419e-02	2.275837e+02	9.835280e-01
3.414544e-02	2.338678e+02	9.317428e-01
3.861670e-02	2.381774e+02	8.843157e-01
4.308795e-02	2.439737e+02	8.467566e-01
4.755920e-02	2.460324e+02	8.072991e-01
5.203046e-02	2.489655e+02	7.772304e-01
5.650171e-02	2.511461e+02	7.506386e-01
6.097297e-02	2.594719e+02	7.344020e-01
6.544422e-02	2.806819e+02	7.345936e-01
6.991547e-02	3.639821e+02	8.066173e-01
7.438673e-02	4.286704e+04	8.299012e+00
7.885798e-02	1.581770e+05	1.600128e+01
8.332924e-02	2.117069e+05	1.790630e+01
8.780049e-02	2.478315e+05	1.882703e+01
9.227175e-02	2.710396e+05	1.914928e+01
9.674300e-02	2.938464e+05	1.963255e+01
1.012143e-01	2.576521e+05	1.796351e+01
1.056855e-01	2.255869e+05	1.644839e+01
1.101568e-01	1.977000e+05	1.505839e+01
1.146280e-01	1.750040e+05	1.388526e+01
1.190993e-01	1.553742e+05	1.285192e+01
1.235705e-01	1.380328e+05	1.189313e+01
1.280418e-01	1.234274e+05	1.104282e+01
1.325130e-01	1.106327e+05	1.026855e+01
1.369843e-01	9.962445e+04	9.589552e+00
1.414555e-01	9.006441e+04	8.984939e+00
1.459268e-01	8.165928e+04	8.422243e+00
1.503981e-01	7.393409e+04	7.884459e+00
1.548693e-01	6.733224e+04	7.408320e+00
1.593406e-01	6.134948e+04	6.976120e+00
1.638118e-01	5.617979e+04	6.593280e+00
1.682831e-01	5.130007e+04	6.213590e+00
1.727543e-01	4.706295e+04	5.868343e+00
1.772256e-01	4.321311e+04	5.549484e+00
1.816968e-01	3.980321e+04	5.265387e+00
1.861681e-01	3.669397e+04	4.996981e+00
1.906393e-01	3.393146e+04	4.814393e+00
1.951106e-01	3.144718e+04	4.693034e+00
1.995818e-01	2.914907e+04	4.529646e+00
2.040531e-01	2.705329e+04	4.365398e+00
2.085244e-01	2.509549e+04	4.199461e+00
2.129956e-01	2.334109e+04	4.040873e+00
2.174669e-01	2.176171e+04	3.887749e+00
2.219381e-01	2.027091e+04	3.738297e+00
2.264094e-01	1.891236e+04	3.599427e+00
2.308806e-01	1.765208e+04	3.464263e+00
2.353519e-01	1.648893e+04	3.332930e+00
2.398231e-01	1.543061e+04	3.208033e+00
2.442944e-01	1.444867e+04	3.089639e+00
2.487656e-01	1.355699e+04	2.980671e+00
2.532369e-01	1.269211e+04	2.871292e+00
2.577082e-01	1.192043e+04	2.769416e+00
2.621794e-01	1.119044e+04	2.670155e+00
2.666507e-01	1.049712e+04	2.550346e+00
2.711219e-01	9.830259e+03	2.390673e+00
2.755932e-01	9.241227e+03	2.270898e+00
2.800644e-01	8.708165e+03	2.168292e+00
2.845357e-01	8.202908e+03	2.075677e+00
2.890069e-01	7.734657e+03	1.992196e+00
2.934782e-01	7.309874e+03	1.914499e+00
2.979494e-01	6.912534e+03	1.840778e+00
3.024207e-01	6.520003e+03	1.768066e+00
3.068919e-01	6.172094e+03	1.702921e+00
3.113632e-01	5.844583e+03	1.642093e+00
3.158345e-01	5.542508e+03	1.584228e+00
3.203057e-01	5.247423e+03	1.526544e+00
3.247770e-01	4.974933e+03	1.473415e+00
3.292482e-01	4.724302e+03	1.424239e+00
3.337195e-01	4.489085e+03	1.377473e+00
3.381907e-01	4.261103e+03	1.330980e+00
3.426620e-01	4.055434e+03	1.287478e+00
3.471332e-01	3.857053e+03	1.245465e+00
3.516045e-01	3.672753e+03	1.206659e+00
3.560757e-01	3.503120e+03	1.170286e+00
3.605470e-01	3.338600e+03	1.134123e+00
3.650183e-01	3.181566e+03	1.098853e+00
3.694895e-01	3.038414e+03	1.066083e+00
3.739608e-01	2.895964e+03	1.033875e+00
3.784320e-01	2.763844e+03	1.003408e+00
3.829033e-01	2.641173e+03	9.741355e-01
3.873745e-01	2.524982e+03	9.460401e-01
3.918458e-01	2.412799e+03	9.185061e-01
3.963170e-01	2.309324e+03	8.932666e-01
4.007883e-01	2.207385e+03	8.681149e-01
4.052595e-01	2.116731e+03	8.446633e-01
4.097308e-01	2.028661e+03	8.215730e-01
4.142020e-01	1.943137e+03	7.990178e-01
4.186733e-01	1.864842e+03	7.785910e-01
4.231446e-01	1.785006e+03	7.575952e-01
4.276158e-01	1.714161e+03	7.379844e-01
4.320871e-01	1.645379e+03	7.183390e-01
4.365583e-01	1.581358e+03	7.000911e-01
4.410296e-01	1.516225e+03	6.820269e-01
4.455008e-01	1.457225e+03	6.653078e-01
4.499721e-01	1.401212e+03	6.488162e-01
4.544433e-01	1.346050e+03	6.320346e-01
4.589146e-01	1.296903e+03	6.172473e-01
4.633858e-01	1.249595e+03	6.029772e-01
4.678571e-01	1.200310e+03	5.878993e-01
4.723284e-01	1.156641e+03	5.738941e-01
4.767996e-01	1.113255e+03	5.596216e-01
4.812709e-01	1.075228e+03	5.474891e-01
4.857421e-01	1.036483e+03	5.354606e-01
4.902134e-01	9.994259e+02	5.233489e-01
4.946846e-01	9.641029e+02	5.111321e-01
4.991559e-01	9.297484e+02	4.990051e-01
5.036271e-01	8.974009e+02	4.881633e-01
5.080984e-01	8.662570e+02	4.778348e-01
5.125696e-01	8.373790e+02	4.676279e-01
5.170409e-01	8.085608e+02	4.569099e-01
5.215121e-01	7.821047e+02	4.470519e-01
5.259834e-01	7.552086e+02	4.376655e-01
5.304547e-01	7.300874e+02	4.288647e-01
5.349259e-01	7.070675e+02	4.200599e-01
5.393972e-01	6.831794e+02	4.104541e-01
5.438684e-01	6.620288e+02	4.021522e-01
5.483397e-01	6.411909e+02	3.945404e-01
5.528109e-01	6.198713e+02	3.865372e-01
5.572822e-01	6.009362e+02	3.787199e-01
5.617534e-01	5.821447e+02	3.706864e-01
5.662247e-01	5.642408e+02	3.635348e-01
5.706959e-01	5.467490e+02	3.569392e-01
5.751672e-01	5.297245e+02	3.500440e-01
5.796385e-01	5.137242e+02	3.427911e-01
5.841097e-01	4.996480e+02	3.363007e-01
5.885810e-01	4.846338e+02	3.301130e-01
5.930522e-01	4.697503e+02	3.242418e-01
5.975235e-01	4.554645e+02	3.180047e-01
6.019947e-01	4.430353e+02	3.119374e-01
6.064660e-01	4.302224e+02	3.059738e-01
6.109372e-01	4.179661e+02	3.007843e-01
6.154085e-01	4.058552e+02	2.956688e-01
6.198797e-01	3.942728e+02	2.900870e-01
6.243510e-01	3.832434e+02	2.844574e-01
6.288222e-01	3.727584e+02	2.794304e-01
6.332935e-01	3.624058e+02	2.749631e-01
6.377648e-01	3.528205e+02	2.706064e-01
6.422360e-01	3.434868e+02	2.656952e-01
6.467073e-01	3.346559e+02	2.609481e-01
6.511785e-01	3.253925e+02	2.564056e-01
6.556498e-01	3.165575e+02	2.524621e-01
6.601210e-01	3.081389e+02	2.483342e-01
6.645923e-01	3.003606e+02	2.439086e-01
6.690635e-01	2.924658e+02	2.395811e-01
6.735348e-01	2.841047e+02	2.355002e-01
6.780060e-01	2.777762e+02	2.325001e-01
6.824773e-01	2.702524e+02	2.284615e-01
6.869486e-01	2.639991e+02	2.246817e-01
6.914198e-01	2.571528e+02	2.207996e-01
6.958911e-01	2.514332e+02	2.179722e-01
7.003623e-01	2.446492e+02	2.145518e-01
7.048336e-01	2.383295e+02	2.108313e-01
7.093048e-01	2.328976e+02	2.074201e-01
7.137761e-01	2.274782e+02	2.043253e-01
7.182473e-01	2.221793e+02	2.016390e-01
7.227186e-01	2.167331e+02	1.986504e-01
7.271898e-01	2.114854e+02	1.953392e-01
7.316611e-01	2.065378e+02	1.922238e-01
7.361324e-01	2.016915e+02	1.894249e-01
7.406036e-01	1.970403e+02	1.869102e-01
7.450749e-01	1.921167e+02	1.839950e-01
7.495461e-01	1.877867e+02	1.810914e-01
7.540174e-01	1.838777e+02	1.785340e-01
7.584886e-01	1.799832e+02	1.762724e-01
7.629599e-01	1.756622e+02	1.738182e-01
7.674311e-01	1.718757e+02	1.713546e-01
7.719024e-01	1.678934e+02	1.686002e-01
7.763736e-01	1.640330e+02	1.661008e-01
7.808449e-01	1.603783e+02	1.639366e-01
7.853161e-01	1.570357e+02	1.618970e-01
7.897874e-01	1.533480e+02	1.593925e-01
7.942587e-01	1.502232e+02	1.571441e-01
7.987299e-01	1.469270e+02	1.549696e-01
8.032012e-01	1.441181e+02	1.532132e-01
8.076724e-01	1.413092e+02	1.513390e-01
8.121437e-01	1.379849e+02	1.489564e-01
8.166149e-01	1.350928e+02	1.468637e-01
8.210862e-01	1.323421e+02	1.450329e-01
8.255574e-01	1.295331e+02	1.432042e-01
8.300287e-01	1.269035e+02	1.413689e-01
8.344999e-01	1.243673e+02	1.394344e-01
8.389712e-01	1.220513e+02	1.377193e-01
8.434425e-01	1.193472e+02	1.359111e-01
8.479137e-01	1.167319e+02	1.355415e-01
8.523850e-01	1.141971e+02	1.350068e-01
8.568562e-01	1.117623e+02	1.340121e-01
8.613275e-01	1.096965e+02	1.330640e-01
8.657987e-01	1.076123e+02	1.320389e-01
8.702700e-01	1.056301e+02	1.310107e-01
8.747412e-01	1.033074e+02	1.296922e-01
8.792125e-01	1.012065e+02	1.284997e-01
8.836837e-01	9.923712e+01	1.272421e-01
8.881550e-01	9.768694e+01	1.262564e-01
8.926262e-01	9.557605e+01	1.249300e-01
8.970975e-01	9.356297e+01	1.236453e-01
9.015688e-01	9.209969e+01	1.226799e-01
9.060400e-01	9.005116e+01	1.212361e-01
9.105113e-01	8.842412e+01	1.201372e-01
9.149825e-01	8.670473e+01	1.189782e-01
9.194538e-01	8.485722e+01	1.176817e-01
9.239250e-01	8.355585e+01	1.155996e-01
9.283963e-01	8.210844e+01	1.131754e-01
9.328675e-01	8.061200e+01	1.113457e-01
9.373388e-01	7.914999e+01	1.097047e-01
9.418100e-01	7.777943e+01	1.082284e-01
9.462813e-01	7.623088e+01	1.072036e-01
9.507526e-01	7.505691e+01	1.072537e-01
9.552238e-01	7.403323e+01	1.068689e-01
9.596951e-01	7.263799e+01	1.060288e-01
9.641663e-01	7.154049e+01	1.053359e-01
9.686376e-01	7.038699e+01	1.044163e-01
9.731088e-01	6.917892e+01	1.033115e-01
9.775801e-01	6.826010e+01	1.024708e-01
9.820513e-01	6.692554e+01	1.013065e-01
9.865226e-01	6.599445e+01	1.004780e-01
9.909938e-01	6.461744e+01	9.937655e-02
9.954651e-01	6.351445e+01	9.846960e-02
9.999363e-01	6.272306e+01	9.781902e-02
1.004408e+00	6.159606e+01	9.691904e-02
1.008879e+00	6.054786e+01	9.603193e-02
1.013350e+00	5.975612e+01	9.533260e-02
1.017821e+00	5.856367e+01	9.432048e-02
1.022293e+00	5.746560e+01	9.335642e-02
1.026764e+00	5.680718e+01	9.278978e-02
1.031235e+00	5.582888e+01	9.194934e-02
1.035706e+00	5.499807e+01	9.117397e-02
1.040178e+00	5.400382e+01	9.022142e-02
1.044649e+00	5.321925e+01	8.952227e-02
1.049120e+00	5.199046e+01	8.840074e-02
1.053591e+00	5.128688e+01	8.777300e-02
1.058063e+00	5.050489e+01	8.697684e-02
1.062534e+00	4.967290e+01	8.617778e-02
1.067005e+00	4.882253e+01	8.541741e-02
1.071476e+00	4.792467e+01	8.457762e-02
1.075948e+00	4.714347e+01	8.377525e-02
1.080419e+00	4.657171e+01	8.315719e-02
1.084890e+00	4.584176e+01	8.240467e-02
1.089361e+00	4.512970e+01	8.171988e-02
1.093833e+00	4.434993e+01	8.100320e-02
1.098304e+00	4.374619e+01	8.034602e-02
1.102775e+00	4.333387e+01	7.983096e-02
1.107246e+00	4.253613e+01	7.900122e-02
1.111718e+00	4.192755e+01	7.842177e-02
1.116189e+00	4.119135e+01	7.766695e-02
1.120660e+00	4.058270e+01	7.699151e-02
1.125131e+00	3.991034e+01	7.622623e-02
1.129603e+00	3.933033e+01	7.560752e-02
1.134074e+00	3.878952e+01	7.601050e-02
1.138545e+00	3.829746e+01	7.630616e-02
1.143016e+00	3.782836e+01	7.625601e-02
1.147488e+00	3.729183e+01	7.595625e-02
1.151959e+00	3.667660e+01	7.541723e-02
1.156430e+00	3.618546e+01	7.457438e-02
1.160901e+00	3.559745e+01	7.304548e-02
1.165373e+00	3.497319e+01	7.193494e-02
1.169844e+00	3.459018e+01	7.130197e-02
1.174315e+00	3.418289e+01	7.085744e-02
1.178787e+00	3.370724e+01	7.040714e-02
1.183258e+00	3.313244e+01	6.975255e-02
1.187729e+00	3.278074e+01	6.924358e-02
1.192200e+00	3.217592e+01	6.845745e-02
1.196672e+00	3.175793e+01	6.794622e-02
1.201143e+00	3.144288e+01	6.752337e-02
1.205614e+00	3.090184e+01	6.679552e-02
1.210085e+00	3.048722e+01	6.620506e-02
1.214557e+00	3.019388e+01	6.580701e-02
1.219028e+00	2.965490e+01	6.517594e-02
1.223499e+00	2.927700e+01	6.468365e-02
1.227970e+00	2.892353e+01	6.415574e-02
1.232442e+00	2.840686e+01	6.344172e-02
1.236913e+00	2.817895e+01	6.316485e-02
1.241384e+00	2.780756e+01	6.268910e-02
1.245855e+00	2.744543e+01	6.219956e-02
1.250327e+00	2.705653e+01	6.164185e-02
1.254798e+00	2.678256e+01	6.124220e-02
1.259269e+00	2.646423e+01	6.085432e-02
1.263740e+00	2.602735e+01	6.026628e-02
1.268212e+00	2.575807e+01	5.980977e-02
1.272683e+00	2.548331e+01	5.935562e-02
1.277154e+00	2.513906e+01	5.883871e-02
1.281625e+00	2.471079e+01	5.824260e-02
1.286097e+00	2.444106e+01	5.782419e-02
1.290568e+00	2.405618e+01	5.721528e-02
1.295039e+00	2.371146e+01	5.668741e-02
1.299510e+00	2.341018e+01	5.623335e-02
1.303982e+00	2.313782e+01	5.598615e-02
1.308453e+00	2.281838e+01	5.622969e-02
1.312924e+00	2.265568e+01	5.635749e-02
1.317395e+00	2.249986e+01	5.645304e-02
1.321867e+00	2.217484e+01	5.632116e-02
1.326338e+00	2.189528e+01	5.619562e-02
1.330809e+00	2.165519e+01	5.604781e-02
1.335280e+00	2.129557e+01	5.570229e-02
1.339752e+00	2.107755e+01	5.560059e-02
1.344223e+00	2.083785e+01	5.544890e-02
1.348694e+00	2.053097e+01	5.514820e-02
1.353165e+00	2.041041e+01	5.508974e-02
1.357637e+00	2.019560e+01	5.485976e-02
1.362108e+00	1.990687e+01	5.456701e-02
1.366579e+00	1.962377e+01	5.432912e-02
1.371050e+00	1.930170e+01	5.396296e-02
1.375522e+00	1.914663e+01	5.380140e-02
1.379993e+00	1.892093e+01	5.356680e-02
1.384464e+00	1.865178e+01	5.327996e-02
1.388935e+00	1.851020e+01	5.316376e-02
1.393407e+00	1.830055e+01	5.291671e-02
1.397878e+00	1.806290e+01	5.262316e-02
1.402349e+00	1.788475e+01	5.246799e-02
1.406820e+00	1.774334e+01	5.233888e-02
1.411292e+00	1.746406e+01	5.195245e-02
1.415763e+00	1.729439e+01	5.177587e-02
1.420234e+00	1.711259e+01	5.151046e-02
1.424705e+00	1.693000e+01	5.124625e-02
1.429177e+00	1.683434e+01	5.111545e-02
1.433648e+00	1.657219e+01	5.071228e-02
1.438119e+00	1.626893e+01	5.024310e-02
1.442591e+00	1.629790e+01	5.036584e-02
1.447062e+00	1.598503e+01	4.991732e-02
1.451533e+00	1.579894e+01	4.966645e-02
1.456004e+00	1.584369e+01	4.982944e-02
1.460476e+00	1.551013e+01	4.931726e-02
1.464947e+00	1.541552e+01	4.922950e-02
1.469418e+00	1.524993e+01	4.902327e-02
1.473889e+00	1.510330e+01	4.886701e-02
1.478361e+00	1.482512e+01	4.849327e-02
1.482832e+00	1.477494e+01	4.855205e-02
1.487303e+00	1.450096e+01	4.812638e-02
1.491774e+00	1.442754e+01	4.802652e-02
1.496246e+00	1.432090e+01	4.788163e-02
1.500717e+00	1.416619e+01	4.768030e-02
1.505188e+00	1.386212e+01	4.715278e-02
1.509659e+00	1.383680e+01	4.718660e-02
1.514131e+00	1.363022e+01	4.681942e-02
1.518602e+00	1.347644e+01	4.658192e-02
1.523073e+00	1.336194e+01	4.649748e-02
1.527544e+00	1.320094e+01	4.624153e-02
1.532016e+00	1.307614e+01	4.596716e-02
1.536487e+00	1.297808e+01	4.579825e-02
1.540958e+00	1.281461e+01	4.557723e-02
1.545429e+00	1.263697e+01	4.530913e-02
1.549901e+00	1.258185e+01	4.526803e-02
1.554372e+00	1.233420e+01	4.478164e-02
1.558843e+00	1.223964e+01	4.462148e-02
1.563314e+00	1.202838e+01	4.428895e-02
1.567786e+00	1.195380e+01	4.424220e-02
1.572257e+00	1.186449e+01	4.406736e-02
1.576728e+00	1.179949e+01	4.391918e-02
1.581199e+00	1.157837e+01	4.350910e-02
1.585671e+00	1.153491e+01	4.352504e-02
1.590142e+00	1.138237e+01	4.324690e-02
1.594613e+00	1.131460e+01	4.313156e-02
1.599084e+00	1.119939e+01	4.291015e-02
1.603556e+00	1.109235e+01	4.268980e-02
1.608027e+00	1.107085e+01	4.272625e-02
1.612498e+00	1.097896e+01	4.256791e-02
1.616969e+00	1.084248e+01	4.227546e-02
1.621441e+00	1.073155e+01	4.203802e-02
1.625912e+00	1.058901e+01	4.174346e-02
1.630383e+00	1.054991e+01	4.171702e-02
1.634854e+00	1.048162e+01	4.153948e-02
1.639326e+00	1.034333e+01	4.115918e-02
1.643797e+00	1.020720e+01	4.086545e-02
1.648268e+00	1.018715e+01	4.088566e-02
1.652739e+00	1.001682e+01	4.052782e-02
1.657211e+00	9.916071e+00	4.026900e-02
1.661682e+00	9.887602e+00	4.016503e-02
1.666153e+00	9.782549e+00	3.994165e-02
1.670624e+00	9.692994e+00	3.975391e-02
1.675096e+00	9.643895e+00	3.965845e-02
1.679567e+00	9.525208e+00	3.937309e-02
1.684038e+00	9.470421e+00	3.922373e-02
1.688509e+00	9.335168e+00	3.893323e-02
1.692981e+00	9.262426e+00	3.876141e-02
1.697452e+00	9.264379e+00	3.874201e-02
1.701923e+00	9.090564e+00	3.832053e-02
1.706395e+00	8.957030e+00	3.802163e-02
1.710866e+00	8.944448e+00	3.801003e-02
1.715337e+00	8.826288e+00	3.770621e-02
1.719808e+00	8.693152e+00	3.736851e-02
1.724280e+00	8.702162e+00	3.741369e-02
1.728751e+00	8.570134e+00	3.707092e-02
1.733222e+00	8.533956e+00	3.694808e-02
1.737693e+00	8.393429e+00	3.653638e-02
1.742165e+00	8.305205e+00	3.634710e-02
1.746636e+00	8.183398e+00	3.609403e-02
1.751107e+00	8.106549e+00	3.589260e-02
1.755578e+00	8.073775e+00	3.579342e-02
1.760050e+00	8.003040e+00	3.558778e-02
1.764521e+00	7.971371e+00	3.553015e-02
1.768992e+00	7.858836e+00	3.528960e-02
1.773463e+00	7.752131e+00	3.497766e-02
1.777935e+00	7.698742e+00	3.481287e-02
1.782406e+00	7.595433e+00	3.456649e-02
1.786877e+00	7.597643e+00	3.463132e-02
1.791348e+00	7.523166e+00	3.446779e-02
1.795820e+00	7.374679e+00	3.402422e-02
1.800291e+00	7.330359e+00	3.387499e-02
1.804762e+00	7.240582e+00	3.365144e-02
1.809233e+00	7.239260e+00	3.370568e-02
1.813705e+00	7.107350e+00	3.338043e-02
1.818176e+00	7.005653e+00	3.307485e-02
1.822647e+00	6.958553e+00	3.292638e-02
1.827118e+00	6.974436e+00	3.298059e-02
1.831590e+00	6.898356e+00	3.280183e-02
1.836061e+00	6.839951e+00	3.264568e-02
1.840532e+00	6.776067e+00	3.242828e-02
1.845003e+00	6.711686e+00	3.226203e-02
1.849475e+00	6.658152e+00	3.215720e-02
1.853946e+00	6.574354e+00	3.195833e-02
1.858417e+00	6.531379e+00	3.179968e-02
1.862888e+00	6.496880e+00	3.167164e-02
1.867360e+00	6.420195e+00	3.147371e-02
1.871831e+00	6.385019e+00	3.142707e-02
1.876302e+00	6.311935e+00	3.123511e-02
1.880773e+00	6.242065e+00	3.101059e-02
1.885245e+00	6.193169e+00	3.084860e-02
1.889716e+00	6.175106e+00	3.082378e-02
1.894187e+00	6.085302e+00	3.057041e-02
1.898658e+00	6.049644e+00	3.044989e-02
1.903130e+00	6.052670e+00	3.042446e-02
1.907601e+00	5.956002e+00	3.014680e-02
1.912072e+00	5.979441e+00	3.021762e-02
1.916543e+00	5.930836e+00	3.009899e-02
1.921015e+00	5.772457e+00	2.966272e-02
1.925486e+00	5.770193e+00	2.963936e-02
1.929957e+00	5.757277e+00	2.958709e-02
1.934428e+00	5.727242e+00	2.950936e-02
1.938900e+00	5.682129e+00	2.938816e-02
1.943371e+00	5.576222e+00	2.908225e-02
1.947842e+00	5.623159e+00	2.923774e-02
1.952313e+00	5.494905e+00	2.887006e-02
1.956785e+00	5.453035e+00	2.920149e-02
1.961256e+00	5.400430e+00	2.950364e-02
1.965727e+00	5.304572e+00	2.953701e-02
1.970199e+00	5.349998e+00	2.991183e-02
1.974670e+00	5.276521e+00	2.984055e-02
1.979141e+00	5.208621e+00	2.978858e-02
1.983612e+00	5.179587e+00	2.992346e-02
1.988084e+00	5.090881e+00	2.982679e-02
1.992555e+00	5.067597e+00	2.986165e-02
1.997026e+00	5.036822e+00	2.989237e-02
2.001497e+00	5.003371e+00	2.993833e-02
2.005969e+00	4.948225e+00	2.992035e-02
2.010440e+00	4.884683e+00	2.984269e-02
2.014911e+00	4.849958e+00	2.985723e-02
2.019382e+00	4.769188e+00	2.967174e-02
2.023854e+00	4.773559e+00	2.977121e-02
2.028325e+00	4.765438e+00	2.987535e-02
2.032796e+00	4.752127e+00	2.936568e-02
2.037267e+00	4.729257e+00	2.886068e-02
2.041739e+00	4.692587e+00	2.847346e-02
2.046210e+00	4.709717e+00	2.838552e-02
2.050681e+00	4.637786e+00	2.810268e-02
2.055152e+00	4.597944e+00	2.784758e-02
2.059624e+00	4.586360e+00	2.767972e-02
2.064095e+00	4.539311e+00	2.745929e-02
2.068566e+00	4.483399e+00	2.720919e-02
2.073037e+00	4.480881e+00	2.717137e-02
2.077509e+00	4.483838e+00	2.710653e-02
2.081980e+00	4.476068e+00	2.702635e-02
2.086451e+00	4.395042e+00	2.672253e-02
2.090922e+00	4.392615e+00	2.670432e-02
2.095394e+00	4.335680e+00	2.648091e-02
2.099865e+00	4.301648e+00	2.630566e-02
2.104336e+00	4.278959e+00	2.616227e-02
2.108807e+00	4.237884e+00	2.604928e-02
2.113279e+00	4.190034e+00	2.587059e-02
2.117750e+00	4.203734e+00	2.589339e-02
2.122221e+00	4.131194e+00	2.560728e-02
2.126692e+00	4.146910e+00	2.562371e-02
2.131164e+00	4.098863e+00	2.542758e-02
2.135635e+00	4.089693e+00	2.537484e-02
2.140106e+00	4.066479e+00	2.526700e-02
2.144577e+00	4.013586e+00	2.507249e-02
2.149049e+00	4.055754e+00	2.522550e-02
2.153520e+00	4.039915e+00	2.513873e-02
2.157991e+00	4.005288e+00	2.498974e-02
2.162462e+00	3.908168e+00	2.465554e-02
2.166934e+00	3.873630e+00	2.451289e-02
2.171405e+00	3.897169e+00	2.455518e-02
2.175876e+00	3.840316e+00	2.427343e-02
2.180347e+00	3.840721e+00	2.424749e-02
2.184819e+00	3.810454e+00	2.411972e-02
2.189290e+00	3.833107e+00	2.416786e-02
2.193761e+00	3.762845e+00	2.387534e-02
2.198232e+00	3.707629e+00	2.363559e-02
2.202704e+00	3.697468e+00	2.352635e-02
2.207175e+00	3.725131e+00	2.360885e-02
2.211646e+00	3.659726e+00	2.337763e-02
2.216117e+00	3.627463e+00	2.322546e-02
2.220589e+00	3.655393e+00	2.327825e-02
2.225060e+00	3.600174e+00	2.303161e-02
2.229531e+00	3.560796e+00	2.292453e-02
2.234003e+00	3.530244e+00	2.282435e-02
2.238474e+00	3.537736e+00	2.280517e-02
2.242945e+00	3.517926e+00	2.270216e-02
2.247416e+00	3.479292e+00	2.257264e-02
2.251888e+00	3.493009e+00	2.266452e-02
2.256359e+00	3.415884e+00	2.235240e-02
2.260830e+00	3.457585e+00	2.244381e-02
2.265301e+00	3.420753e+00	2.234089e-02
2.269773e+00	3.406181e+00	2.228812e-02
2.274244e+00	3.378069e+00	2.218289e-02
2.278715e+00	3.348710e+00	2.204693e-02
2.283186e+00	3.315929e+00	2.191199e-02
2.287658e+00	3.294925e+00	2.182842e-02
2.292129e+00	3.258075e+00	2.171586e-02
2.296600e+00	3.257101e+00	2.169518e-02
2.301071e+00	3.248697e+00	2.162887e-02
2.305543e+00	3.235363e+00	2.157954e-02
2.310014e+00	3.221318e+00	2.154467e-02
2.314485e+00	3.174121e+00	2.137944e-02
2.318956e+00	3.194110e+00	2.139843e-02
2.323428e+00	3.188790e+00	2.136372e-02
2.327899e+00	3.167148e+00	2.129181e-02
2.332370e+00	3.121506e+00	2.112910e-02
2.336841e+00	3.147671e+00	2.125497e-02
2.341313e+00	3.151262e+00	2.128783e-02
2.345784e+00	3.078995e+00	2.099529e-02
2.350255e+00	3.119560e+00	2.115611e-02
2.354726e+00	3.031852e+00	2.082964e-02
2.359198e+00	3.016521e+00	2.077580e-02
2.363669e+00	3.021277e+00	2.079713e-02
2.368140e+00	2.978779e+00	2.065713e-02
2.372611e+00	2.992591e+00	2.068985e-02
2.377083e+00	2.951705e+00	2.051251e-02
2.381554e+00	2.928025e+00	2.042091e-02
2.386025e+00	2.922294e+00	2.043588e-02
2.390496e+00	2.885321e+00	2.031064e-02
2.394968e+00	2.905252e+00	2.036176e-02
2.399439e+00	2.864829e+00	2.017650e-02
2.403910e+00	2.868168e+00	2.020800e-02
2.408381e+00	2.789521e+00	1.992220e-02
2.412853e+00	2.790368e+00	1.992065e-02
2.417324e+00	2.789985e+00	1.992159e-02
2.421795e+00	2.772204e+00	1.982079e-02
2.426266e+00	2.786365e+00	1.986567e-02
2.430738e+00	2.781758e+00	1.986701e-02
2.435209e+00	2.727135e+00	1.966880e-02
2.439680e+00	2.706472e+00	1.954751e-02
2.444151e+00	2.721856e+00	1.961895e-02
2.448623e+00	2.697701e+00	1.952261e-02
2.453094e+00	2.688190e+00	1.952280e-02
2.457565e+00	2.640264e+00	1.932040e-02
2.462036e+00	2.631087e+00	1.926359e-02
2.466508e+00	2.620124e+00	1.923396e-02
2.470979e+00	2.640461e+00	1.928958e-02
2.475450e+00	2.637158e+00	1.927806e-02
2.479921e+00	2.618165e+00	1.915834e-02
2.484393e+00	2.572459e+00	1.900822e-02
2.488864e+00	2.530615e+00	1.885836e-02
2.493335e+00	2.547498e+00	1.891775e-02
2.497807e+00	2.538288e+00	1.886421e-02
2.502278e+00	2.577561e+00	1.903239e-02
2.506749e+00	2.528869e+00	1.884822e-02
2.511220e+00	2.487885e+00	1.865908e-02
2.515692e+00	2.525560e+00	1.877627e-02
2.520163e+00	2.493885e+00	1.867571e-02
2.524634e+00	2.469976e+00	1.858703e-02
2.529105e+00	2.477325e+00	1.865383e-02
2.533577e+00	2.469683e+00	1.857762e-02
2.538048e+00	2.470658e+00	1.857183e-02
2.542519e+00	2.430691e+00	1.839863e-02
2.546990e+00	2.431019e+00	1.839855e-02
2.551462e+00	2.394219e+00	1.825170e-02
2.555933e+00	2.409121e+00	1.834136e-02
2.560404e+00	2.377338e+00	1.819151e-02
2.564875e+00	2.369453e+00	1.815559e-02
2.569347e+00	2.357304e+00	1.815693e-02
2.573818e+00	2.347699e+00	1.807804e-02
2.578289e+00	2.318981e+00	1.796874e-02
2.582760e+00	2.319508e+00	1.796793e-02
2.587232e+00	2.288395e+00	1.785082e-02
2.591703e+00	2.292585e+00	1.786233e-02
2.596174e+00	2.296599e+00	1.782127e-02
2.600645e+00	2.252918e+00	1.765546e-02
2.605117e+00	2.287585e+00	1.780620e-02
2.609588e+00	2.272180e+00	1.776723e-02
2.614059e+00	2.231876e+00	1.758864e-02
2.618530e+00	2.284831e+00	1.775453e-02
2.623002e+00	2.245090e+00	1.761968e-02
2.627473e+00	2.233678e+00	1.758646e-02
2.631944e+00	2.211194e+00	1.747835e-02
2.636415e+00	2.205312e+00	1.747485e-02
2.640887e+00	2.189564e+00	1.738572e-02
2.645358e+00	2.180553e+00	1.736318e-02
2.649829e+00	2.158275e+00	1.730451e-02
2.654300e+00	2.170792e+00	1.730902e-02
2.658772e+00	2.165586e+00	1.725026e-02
2.663243e+00	2.144836e+00	1.720183e-02
2.667714e+00	2.143144e+00	1.720417e-02
2.672185e+00	2.134916e+00	1.716324e-02
2.676657e+00	2.128192e+00	1.711564e-02
2.681128e+00	2.104895e+00	1.702232e-02
2.685599e+00	2.096092e+00	1.700663e-02
2.690070e+00	2.074079e+00	1.689332e-02
2.694542e+00	2.083423e+00	1.690869e-02
2.699013e+00	2.037013e+00	1.674412e-02
2.703484e+00	2.015814e+00	1.668186e-02
2.707955e+00	2.053086e+00	1.683556e-02
2.712427e+00	2.034913e+00	1.672338e-02
2.716898e+00	2.032968e+00	1.671121e-02
2.721369e+00	2.027558e+00	1.670792e-02
2.725840e+00	2.002403e+00	1.656849e-02
2.730312e+00	2.037989e+00	1.670681e-02
2.734783e+00	2.048208e+00	1.670585e-02
2.739254e+00	1.970693e+00	1.643126e-02
2.743725e+00	1.972782e+00	1.648930e-02
2.748197e+00	1.972603e+00	1.644716e-02
2.752668e+00	1.980316e+00	1.644680e-02
2.757139e+00	1.949859e+00	1.638924e-02
2.761611e+00	1.919504e+00	1.626950e-02
2.766082e+00	1.924666e+00	1.625393e-02
2.770553e+00	1.951649e+00	1.635752e-02
2.775024e+00	1.899242e+00	1.614102e-02
2.779496e+00	1.909898e+00	1.618452e-02
2.783967e+00	1.901437e+00	1.614665e-02
2.788438e+00	1.881076e+00	1.606172e-02
2.792909e+00	1.885555e+00	1.606451e-02
2.797381e+00	1.860505e+00	1.596458e-02
2.801852e+00	1.881286e+00	1.603992e-02
2.806323e+00	1.868631e+00	1.601654e-02
2.810794e+00	1.842526e+00	1.588744e-02
2.815266e+00	1.865549e+00	1.599801e-02
2.819737e+00	1.838958e+00	1.586965e-02
2.824208e+00	1.826560e+00	1.584660e-02
2.828679e+00	1.822006e+00	1.581022e-02
2.833151e+00	1.861568e+00	1.594428e-02
2.837622e+00	1.798007e+00	1.570905e-02
2.842093e+00	1.816266e+00	1.577457e-02
2.846564e+00	1.820223e+00	1.576960e-02
2.851036e+00	1.813670e+00	1.574938e-02
2.855507e+00	1.795129e+00	1.565899e-02
2.859978e+00	1.796229e+00	1.563908e-02
2.864449e+00	1.765642e+00	1.556206e-02
2.868921e+00	1.761480e+00	1.552717e-02
2.873392e+00	1.741666e+00	1.545283e-02
2.877863e+00	1.759585e+00	1.556031e-02
2.882334e+00	1.769472e+00	1.554827e-02
2.886806e+00	1.754748e+00	1.551482e-02
2.891277e+00	1.719732e+00	1.532900e-02
2.895748e+00	1.720670e+00	1.533761e-02
2.900219e+00	1.732524e+00	1.541561e-02
2.904691e+00	1.738901e+00	1.541648e-02
2.909162e+00	1.708571e+00	1.527310e-02
2.913633e+00	1.683142e+00	1.515639e-02
2.918104e+00	1.717263e+00	1.531564e-02
2.922576e+00	1.703196e+00	1.524855e-02
2.927047e+00	1.690610e+00	1.521368e-02
2.931518e+00	1.673118e+00	1.511276e-02
2.935989e+00	1.670887e+00	1.512711e-02
2.940461e+00	1.684492e+00	1.513728e-02
2.944932e+00	1.666191e+00	1.509388e-02
2.949403e+00	1.653857e+00	1.506083e-02
2.953874e+00	1.626357e+00	1.493609e-02
2.958346e+00	1.641037e+00	1.497690e-02
2.962817e+00	1.632824e+00	1.497694e-02
2.967288e+00	1.630237e+00	1.494644e-02
2.971759e+00	1.621822e+00	1.491185e-02
2.976231e+00	1.602118e+00	1.483651e-02
2.980702e+00	1.631844e+00	1.492481e-02
2.985173e+00	1.587428e+00	1.476717e-02
2.989644e+00	1.595800e+00	1.478097e-02
2.994116e+00	1.584468e+00	1.473876e-02
2.998587e+00	1.571041e+00	1.464029e-02
3.003058e+00	1.570632e+00	1.466275e-02
3.007529e+00	1.569111e+00	1.467940e-02
3.012001e+00	1.582911e+00	1.472279e-02
3.016472e+00	1.566676e+00	1.465967e-02
3.020943e+00	1.549415e+00	1.460046e-02
3.025415e+00	1.536415e+00	1.452610e-02
3.029886e+00	1.561099e+00	1.460119e-02
3.034357e+00	1.507165e+00	1.442328e-02
3.038828e+00	1.505592e+00	1.440998e-02
3.043300e+00	1.519240e+00	1.440653e-02
3.047771e+00	1.544129e+00	1.453353e-02
3.052242e+00	1.517803e+00	1.441689e-02
3.056713e+00	1.505635e+00	1.437765e-02
3.061185e+00	1.508226e+00	1.469062e-02
3.065656e+00	1.493143e+00	1.478859e-02
3.070127e+00	1.481839e+00	1.488096e-02
3.074598e+00	1.472283e+00	1.496846e-02
3.079070e+00	1.437487e+00	1.494716e-02
3.083541e+00	1.460875e+00	1.509918e-02
3.088012e+00	1.448111e+00	1.517269e-02
3.092483e+00	1.428704e+00	1.515018e-02
3.096955e+00	1.398717e+00	1.512780e-02
3.101426e+00	1.415046e+00	1.520217e-02
3.105897e+00	1.401020e+00	1.526430e-02
3.110368e+00	1.393735e+00	1.527310e-02
3.114840e+00	1.396497e+00	1.533155e-02
3.119311e+00	1.387124e+00	1.531870e-02
3.123782e+00	1.381087e+00	1.541753e-02
3.128253e+00	1.354712e+00	1.535365e-02
3.132725e+00	1.339255e+00	1.534542e-02
3.137196e+00	1.354911e+00	1.545280e-02
3.141667e+00	1.334933e+00	1.542984e-02
3.146138e+00	1.323558e+00	1.542451e-02
3.150610e+00	1.313524e+00	1.547018e-02
3.155081e+00	1.314614e+00	1.551742e-02
3.159552e+00	1.303132e+00	1.550815e-02
3.164023e+00	1.295988e+00	1.553220e-02
3.168495e+00	1.322793e+00	1.567313e-02
3.172966e+00	1.287973e+00	1.553597e-02
3.177437e+00	1.269160e+00	1.553151e-02
3.181908e+00	1.283518e+00	1.563181e-02
3.186380e+00	1.279255e+00	1.564482e-02
3.190851e+00	1.265975e+00	1.564686e-02
3.195322e+00	1.228110e+00	1.551487e-02
3.199793e+00	1.241125e+00	1.562759e-02
3.204265e+00	1.251378e+00	1.567334e-02
3.208736e+00	1.220775e+00	1.553685e-02
3.213207e+00	1.251552e+00	1.569184e-02
3.217678e+00	1.214397e+00	1.555610e-02
3.222150e+00	1.205275e+00	1.553397e-02
3.226621e+00	1.213934e+00	1.558339e-02
3.231092e+00	1.219649e+00	1.558158e-02
3.235563e+00	1.210346e+00	1.551695e-02
3.240035e+00	1.203671e+00	1.557589e-02
3.244506e+00	1.235233e+00	1.585992e-02
3.248977e+00	1.236084e+00	1.621255e-02
3.253448e+00	1.236366e+00	1.641753e-02
3.257920e+00	1.237382e+00	1.658481e-02
3.262391e+00	1.229021e+00	1.671725e-02
3.266862e+00	1.252540e+00	1.698693e-02
3.271333e+00	1.248333e+00	1.710705e-02
3.275805e+00	1.298728e+00	1.745357e-02
3.280276e+00	1.310352e+00	1.765718e-02
3.284747e+00	1.304566e+00	1.771501e-02
3.289218e+00	1.273128e+00	1.774189e-02
3.293690e+00	1.288845e+00	1.792259e-02
3.298161e+00	1.315793e+00	1.820471e-02
3.302632e+00	1.314407e+00	1.827927e-02
3.307104e+00	1.350950e+00	1.852609e-02
3.311575e+00	1.324311e+00	1.854487e-02
3.316046e+00	1.350021e+00	1.885956e-02
3.320517e+00	1.339898e+00	1.883508e-02
3.324989e+00	1.316849e+00	1.894350e-02
3.329460e+00	1.310634e+00	1.901698e-02
3.333931e+00	1.316893e+00	1.916355e-02
3.338402e+00	1.312085e+00	1.927865e-02
3.342874e+00	1.339517e+00	1.954969e-02
3.347345e+00	1.337170e+00	1.967115e-02
3.351816e+00	1.353398e+00	1.976840e-02
3.356287e+00	1.351523e+00	1.990052e-02
3.360759e+00	1.337094e+00	1.982361e-02
3.365230e+00	1.321473e+00	1.985533e-02
3.369701e+00	1.352542e+00	2.004530e-02
3.374172e+00	1.335880e+00	2.012904e-02
3.378644e+00	1.335415e+00	2.016566e-02
3.383115e+00	1.320824e+00	2.021822e-02
3.387586e+00	1.334707e+00	2.042627e-02
3.392057e+00	1.373646e+00	2.072489e-02
3.396529e+00	1.352477e+00	2.070625e-02
3.401000e+00	1.377520e+00	2.103091e-02
3.405471e+00	1.360899e+00	2.098612e-02
3.409942e+00	1.347357e+00	2.107119e-02
3.414414e+00	1.334441e+00	2.113963e-02
3.418885e+00	1.378486e+00	2.151373e-02
3.423356e+00	1.383700e+00	2.156433e-02
3.427827e+00	1.357787e+00	2.161911e-02
3.432299e+00	1.358454e+00	2.174394e-02
3.436770e+00	1.390177e+00	2.205614e-02
3.441241e+00	1.397805e+00	2.224308e-02
3.445712e+00	1.396381e+00	2.237244e-02
3.450184e+00	1.392354e+00	2.242482e-02
3.454655e+00	1.416305e+00	2.269399e-02
3.459126e+00	1.367110e+00	2.255785e-02
3.463597e+00	1.393071e+00	2.286116e-02
3.468069e+00	1.394937e+00	2.291805e-02
3.472540e+00	1.370252e+00	2.296762e-02
3.477011e+00	1.413880e+00	2.341513e-02
3.481482e+00	1.379895e+00	2.325289e-02
3.485954e+00	1.405488e+00	2.361429e-02
3.490425e+00	1.384071e+00	2.367784e-02
3.494896e+00	1.418525e+00	2.398928e-02
3.499367e+00	1.437209e+00	2.406164e-02
3.503839e+00	1.402005e+00	2.406838e-02
3.508310e+00	1.396421e+00	2.407992e-02
3.512781e+00	1.390195e+00	2.415586e-02
3.517252e+00	1.379097e+00	2.415645e-02
3.521724e+00	1.394846e+00	2.429974e-02
3.526195e+00	1.401815e+00	2.439080e-02
3.530666e+00	1.372411e+00	2.425108e-02
3.535137e+00	1.348476e+00	2.432524e-02
3.539609e+00	1.390783e+00	2.454166e-02
3.544080e+00	1.393186e+00	2.467764e-02
3.548551e+00	1.375782e+00	2.462418e-02
3.553022e+00	1.370456e+00	2.478703e-02
3.557494e+00	1.393609e+00	2.495807e-02
3.561965e+00	1.328668e+00	2.465338e-02
3.566436e+00	1.403789e+00	2.525790e-02
3.570908e+00	1.384794e+00	2.511007e-02
3.575379e+00	1.360327e+00	2.509160e-02
3.579850e+00	1.341689e+00	2.505805e-02
3.584321e+00	1.343805e+00	2.518977e-02
3.588793e+00	1.365879e+00	2.545410e-02
3.593264e+00	1.324871e+00	2.526872e-02
3.597735e+00	1.311617e+00	2.528557e-02
3.602206e+00	1.305328e+00	2.541403e-02
3.606678e+00	1.294056e+00	2.545786e-02
3.611149e+00	1.255333e+00	2.520982e-02
3.615620e+00	1.343168e+00	2.580211e-02
3.620091e+00	1.318229e+00	2.577357e-02
3.624563e+00	1.327472e+00	2.593270e-02
3.629034e+00	1.283714e+00	2.576193e-02
3.633505e+00	1.322123e+00	2.612931e-02
3.637976e+00	1.349748e+00	2.639342e-02
3.642448e+00	1.263792e+00	2.582234e-02
3.646919e+00	1.301415e+00	2.626482e-02
3.651390e+00	1.366357e+00	2.674697e-02
3.655861e+00	1.289973e+00	2.636676e-02
3.660333e+00	1.319476e+00	2.668320e-02
3.664804e+00	1.329814e+00	2.683578e-02
3.669275e+00	1.268072e+00	2.665693e-02
3.673746e+00	1.268955e+00	2.658506e-02
3.678218e+00	1.279404e+00	2.688725e-02
3.682689e+00	1.307982e+00	2.706461e-02
3.687160e+00	1.322706e+00	2.730757e-02
3.691631e+00	1.292072e+00	2.718671e-02
3.696103e+00	1.305624e+00	2.719205e-02
3.700574e+00	1.248557e+00	2.695800e-02
3.705045e+00	1.282312e+00	2.740487e-02
3.709516e+00	1.292666e+00	2.767867e-02
3.713988e+00	1.248236e+00	2.739787e-02
3.718459e+00	1.287365e+00	2.775742e-02
3.722930e+00	1.271773e+00	2.773235e-02
3.727401e+00	1.252257e+00	2.772523e-02
3.731873e+00	1.308053e+00	2.821086e-02
3.736344e+00	1.273950e+00	2.807345e-02
3.740815e+00	1.290242e+00	2.850003e-02
3.745286e+00	1.239200e+00	2.812103e-02
3.749758e+00	1.250868e+00	2.848200e-02
3.754229e+00	1.259127e+00	2.854835e-02
3.758700e+00	1.210442e+00	2.837567e-02
3.763171e+00	1.216147e+00	2.846634e-02
3.767643e+00	1.255994e+00	2.879099e-02
3.772114e+00	1.290435e+00	2.913342e-02
3.776585e+00	1.243130e+00	2.895484e-02
3.781056e+00	1.224033e+00	2.892127e-02
3.785528e+00	1.233548e+00	2.921089e-02
3.789999e+00	1.248640e+00	2.935522e-02
3.794470e+00	1.249747e+00	2.942320e-02
3.798941e+00	1.235991e+00	2.927346e-02
3.803413e+00	1.228481e+00	2.935295e-02
3.807884e+00	1.210970e+00	2.934299e-02
3.812355e+00	1.240621e+00	2.943398e-02
3.816826e+00	1.232354e+00	2.933405e-02
3.821298e+00	1.191636e+00	2.897152e-02
3.825769e+00	1.141326e+00	2.884076e-02
3.830240e+00	1.221517e+00	2.951325e-02
3.834712e+00	1.244211e+00	2.954227e-02
3.839183e+00	1.202982e+00	2.934438e-02
3.843654e+00	1.224369e+00	2.950191e-02
3.848125e+00	1.262596e+00	3.005603e-02
3.852597e+00	1.254130e+00	3.021563e-02
3.857068e+00	1.233057e+00	3.007974e-02
3.861539e+00	1.180386e+00	2.975824e-02
3.866010e+00	1.193136e+00	3.006114e-02
3.870482e+00	1.192512e+00	3.031655e-02
3.874953e+00	1.190085e+00	3.018227e-02
3.879424e+00	1.185718e+00	3.047672e-02
3.883895e+00	1.189972e+00	3.042516e-02
3.888367e+00	1.182962e+00	3.046595e-02
3.892838e+00	1.179762e+00	3.062863e-02
3.897309e+00	1.158960e+00	3.077077e-02
3.901780e+00	1.178052e+00	3.110215e-02
3.906252e+00	1.204642e+00	3.141546e-02
3.910723e+00	1.174056e+00	3.120237e-02
3.915194e+00	1.196608e+00	3.159617e-02
3.919665e+00	1.186448e+00	3.166759e-02
3.924137e+00	1.175677e+00	3.162348e-02
3.928608e+00	1.161556e+00	3.171804e-02
3.933079e+00	1.211120e+00	3.211775e-02
3.937550e+00	1.199356e+00	3.232324e-02
3.942022e+00	1.138023e+00	3.192899e-02
3.946493e+00	1.144398e+00	3.204118e-02
3.950964e+00	1.113248e+00	3.211721e-02
3.955435e+00	1.113303e+00	3.226237e-02
3.959907e+00	1.149101e+00	3.253727e-02
3.964378e+00	1.124593e+00	3.260013e-02
3.968849e+00	1.165809e+00	3.306701e-02
3.973320e+00	1.152162e+00	3.322766e-02
3.977792e+00	1.108818e+00	3.291798e-02
3.982263e+00	1.156468e+00	3.348878e-02
3.986734e+00	1.179840e+00	3.381234e-02
3.991205e+00	1.066972e+00	3.303812e-02
3.995677e+00	1.112497e+00	3.382441e-02
4.000148e+00	1.127516e+00	3.404025e-02
4.004619e+00	1.104655e+00	3.403850e-02
4.009090e+00	1.075738e+00	3.395459e-02
4.013562e+00	1.093594e+00	3.429755e-02
4.018033e+00	1.014228e+00	3.395903e-02
4.022504e+00	1.168464e+00	3.540854e-02
4.026975e+00	1.085522e+00	3.449520e-02
4.031447e+00	1.121020e+00	3.507316e-02
4.035918e+00	1.089623e+00	3.529968e-02
4.040389e+00	1.070447e+00	3.537987e-02
4.044860e+00	1.131268e+00	3.608318e-02
4.049332e+00	1.075488e+00	3.565766e-02
4.053803e+00	1.101207e+00	3.621724e-02
4.058274e+00	9.945450e-01	3.526997e-02
4.062745e+00	1.039650e+00	3.600978e-02
4.067217e+00	1.076453e+00	3.675570e-02
4.071688e+00	1.052591e+00	3.651128e-02
4.076159e+00	1.107239e+00	3.738039e-02
4.080630e+00	1.067258e+00	3.739971e-02
4.085102e+00	1.094043e+00	3.799718e-02
4.089573e+00	9.921132e-01	3.671710e-02
4.094044e+00	9.967363e-01	3.755283e-02
4.098516e+00	1.052672e+00	3.820049e-02
4.102987e+00	1.050598e+00	3.820896e-02
4.107458e+00	1.101017e+00	3.873363e-02
4.111929e+00	1.082123e+00	3.877654e-02
4.116401e+00	1.049773e+00	3.892081e-02
4.120872e+00	9.975721e-01	3.856150e-02
4.125343e+00	9.498882e-01	3.846789e-02
4.129814e+00	1.014312e+00	3.930906e-02
4.134286e+00	1.024653e+00	3.946012e-02
4.138757e+00	1.023744e+00	4.017075e-02
4.143228e+00	9.224423e-01	3.974060e-02
4.147699e+00	9.853982e-01	4.025840e-02
4.152171e+00	9.982557e-01	4.096279e-02
4.156642e+00	1.007416e+00	4.107615e-02
4.161113e+00	1.004154e+00	4.114224e-02
4.165584e+00	9.666525e-01	4.113723e-02
4.170056e+00	1.016842e+00	4.197231e-02
4.174527e+00	9.617913e-01	4.183515e-02
4.178998e+00	9.258083e-01	4.215736e-02
4.183469e+00	9.333418e-01	4.240056e-02
4.187941e+00	9.300827e-01	4.290086e-02
4.192412e+00	9.609616e-01	4.311464e-02
4.196883e+00	1.037559e+00	4.478231e-02
4.201354e+00	9.557118e-01	4.420513e-02
4.205826e+00	9.282120e-01	4.408931e-02
4.210297e+00	8.732814e-01	4.392101e-02
4.214768e+00	8.969722e-01	4.447359e-02
4.219239e+00	9.065278e-01	4.534296e-02
4.223711e+00	8.920208e-01	4.542918e-02
4.228182e+00	9.719383e-01	4.680191e-02
4.232653e+00	8.580819e-01	4.580894e-02
4.237124e+00	8.689408e-01	4.660546e-02
4.241596e+00	8.760862e-01	4.726381e-02
4.246067e+00	8.355244e-01	4.729090e-02
4.250538e+00	8.780375e-01	4.752238e-02
4.255009e+00	8.388187e-01	4.808854e-02
4.259481e+00	8.242512e-01	4.859876e-02
4.263952e+00	7.449363e-01	4.819783e-02
4.268423e+00	8.174352e-01	4.995690e-02
4.272894e+00	8.400049e-01	5.078626e-02
4.277366e+00	7.576189e-01	4.946913e-02
4.281837e+00	7.064447e-01	5.018448e-02
4.286308e+00	6.706282e-01	5.021737e-02
4.290779e+00	7.056141e-01	5.093284e-02
4.295251e+00	6.476082e-01	5.127918e-02
4.299722e+00	7.104974e-01	5.301129e-02
4.304193e+00	6.963927e-01	5.326408e-02
4.308664e+00	6.388792e-01	5.338527e-02
4.313136e+00	7.065946e-01	5.464986e-02
4.317607e+00	7.174589e-01	5.646078e-02
4.322078e+00	6.985097e-01	5.605834e-02
4.326549e+00	6.741669e-01	5.692609e-02
4.331021e+00	6.592810e-01	5.763379e-02
4.335492e+00	6.972041e-01	5.846350e-02
4.339963e+00	7.116324e-01	6.045296e-02
4.344434e+00	6.981645e-01	6.082720e-02
4.348906e+00	8.022010e-01	6.346197e-02
4.353377e+00	7.507199e-01	6.301594e-02
4.357848e+00	7.459831e-01	6.477316e-02
4.362320e+00	7.148204e-01	6.611659e-02
4.366791e+00	6.926632e-01	6.657427e-02
4.371262e+00	8.736743e-01	7.200290e-02
4.375733e+00	7.196769e-01	7.075913e-02
4.380205e+00	6.184084e-01	7.217450e-02
4.384676e+00	6.412238e-01	7.390053e-02
4.389147e+00	7.508667e-01	7.773095e-02
4.393618e+00	6.483470e-01	7.789571e-02
4.398090e+00	7.662026e-01	8.196734e-02
4.402561e+00	7.401466e-01	8.357717e-02
4.407032e+00	6.931933e-01	8.649416e-02
4.411503e+00	7.161637e-01	8.867814e-02
4.415975e+00	7.764063e-01	9.593720e-02
4.420446e+00	6.562534e-01	9.443501e-02
4.424917e+00	7.253546e-01	1.022336e-01
4.429388e+00	7.346600e-01	1.081689e-01
4.433860e+00	5.632597e-01	1.106752e-01
4.438331e+00	7.792851e-01	1.208418e-01
4.442802e+00	7.137380e-01	1.256856e-01
4.447273e+00	7.090698e-01	1.385494e-01
4.451745e+00	6.563672e-01	1.512502e-01
4.456216e+00	8.833035e-01	1.796114e-01
4.460687e+00	7.719522e-01	2.098036e-01
4.465158e+00	6.030121e-01	2.545542e-01
4.469630e+00	6.784198e-01	4.273827e-01
